Time (sec) ,  Temperature (C) ,  RMS Voltage Ch2 (v) ,   ,   ,   ,   ,   ,   ,   ,   ,   ,   ,  
0,23.8,2.290
1,23.8,2.280
2,23.8,2.280
3,23.8,2.270
4,23.8,2.280
5,23.9,2.280
6,23.9,2.270
7,23.9,2.280
8,24.0,2.280
9,24.0,2.270
10,24.1,2.270
11,24.1,2.280
12,24.2,2.280
13,24.3,2.280
14,24.3,2.280
15,24.4,2.280
16,24.5,2.270
17,24.6,2.280
18,24.7,2.270
19,24.8,2.280
20,24.9,2.280
21,25.0,2.280
22,25.1,2.270
23,25.2,2.280
24,25.3,2.280
25,25.4,2.270
26,25.5,2.280
27,25.7,2.280
28,25.8,2.280
29,25.9,2.270
30,26.1,2.280
31,26.2,2.280
32,26.3,2.270
33,26.5,2.280
34,26.6,2.280
35,26.8,2.270
36,26.9,2.270
37,27.1,2.280
38,27.2,2.280
39,27.4,2.270
40,27.5,2.280
41,27.7,2.280
42,27.8,2.270
43,28.0,2.280
44,28.1,2.280
45,28.3,2.270
46,28.5,2.280
47,28.7,2.280
48,28.8,2.270
49,29.0,2.280
50,29.2,2.280
51,29.4,2.270
52,29.5,2.280
53,29.7,2.280
54,29.9,2.270
55,30.0,2.280
56,30.2,2.280
57,30.4,2.270
58,30.6,2.280
59,30.8,2.280
60,30.9,2.280
61,31.1,2.280
62,31.3,2.280
63,31.5,2.280
64,31.7,2.280
65,31.9,2.280
66,32.0,2.280
67,32.2,2.270
68,32.4,2.280
69,32.6,2.280
70,32.8,2.280
71,33.0,2.280
72,33.2,2.280
73,33.4,2.270
74,33.6,2.280
75,33.8,2.280
76,34.0,2.280
77,34.2,2.280
78,34.4,2.280
79,34.6,2.270
80,34.7,2.280
81,35.0,2.280
82,35.2,2.280
83,35.4,2.280
84,35.6,2.270
85,35.8,2.270
86,36.0,2.280
87,36.2,2.280
88,36.4,2.270
89,36.6,2.280
90,36.8,2.280
91,37.0,2.270
92,37.2,2.280
93,37.4,2.280
94,37.6,2.280
95,37.8,2.280
96,38.0,2.280
97,38.2,2.280
98,38.4,2.280
99,38.7,2.290
100,38.9,2.280
101,39.1,2.270
102,39.3,2.280
103,39.5,2.280
104,39.7,2.270
105,39.9,2.280
106,40.1,2.280
107,40.3,2.280
108,40.5,2.280
109,40.7,2.280
110,41.0,2.280
111,41.2,2.280
112,41.4,2.280
113,41.6,2.280
114,41.8,2.270
115,42.0,2.280
116,42.2,2.280
117,42.4,2.280
118,42.6,2.280
119,42.8,2.290
120,43.0,2.280
121,43.2,2.280
122,43.5,2.280
123,43.7,2.280
124,43.9,2.270
125,44.1,2.280
126,44.3,2.280
127,44.5,2.280
128,44.7,2.280
129,44.9,2.290
130,45.1,2.280
131,45.3,2.280
132,45.5,2.280
133,45.7,2.280
134,46.0,2.280
135,46.2,2.280
136,46.4,2.280
137,46.6,2.280
138,46.8,2.280
139,47.0,2.280
140,47.2,2.280
141,47.4,2.280
142,47.6,2.280
143,47.8,2.280
144,48.0,2.280
145,48.2,2.280
146,48.5,2.280
147,48.7,2.280
148,48.9,2.280
149,49.1,2.280
150,49.3,2.280
151,49.5,2.280
152,49.7,2.280
153,49.9,2.290
154,50.1,2.280
155,50.3,2.280
156,50.5,2.290
157,50.7,2.280
158,51.0,2.280
159,51.2,2.290
160,51.4,2.280
161,51.6,2.280
162,51.8,2.280
163,52.0,2.280
164,52.2,2.280
165,52.4,2.290
166,52.6,2.280
167,52.8,2.280
168,53.0,2.290
169,53.2,2.280
170,53.5,2.280
171,53.7,2.290
172,53.9,2.280
173,54.1,2.280
174,54.3,2.290
175,54.5,2.280
176,54.7,2.280
177,54.9,2.280
178,55.1,2.280
179,55.3,2.280
180,55.5,2.280
181,55.8,2.280
182,56.0,2.290
183,56.2,2.280
184,56.4,2.280
185,56.6,2.290
186,56.7,2.280
187,57.0,2.280
188,57.2,2.290
189,57.4,2.280
190,57.6,2.280
191,57.8,2.280
192,58.0,2.280
193,58.2,2.280
194,58.4,2.280
195,58.6,2.280
196,58.8,2.280
197,59.0,2.280
198,59.2,2.280
199,59.4,2.290
200,59.6,2.280
201,59.8,2.280
202,60.0,2.290
203,60.2,2.280
204,60.4,2.280
205,60.6,2.280
206,60.8,2.280
207,61.0,2.290
208,61.2,2.280
209,61.4,2.280
210,61.6,2.290
211,61.8,2.280
212,62.0,2.280
213,62.2,2.280
214,62.4,2.280
215,62.6,2.290
216,62.8,2.290
217,63.0,2.280
218,63.2,2.280
219,63.4,2.280
220,63.6,2.280
221,63.8,2.280
222,63.9,2.290
223,64.2,2.280
224,64.4,2.280
225,64.6,2.290
226,64.7,2.280
227,64.9,2.280
228,65.1,2.290
229,65.4,2.280
230,65.6,2.280
231,65.7,2.290
232,65.9,2.280
233,66.1,2.280
234,66.3,2.290
235,66.5,2.280
236,66.7,2.280
237,66.9,2.280
238,67.1,2.290
239,67.3,2.280
240,67.5,2.280
241,67.7,2.290
242,67.9,2.280
243,68.1,2.280
244,68.3,2.290
245,68.4,2.280
246,68.6,2.280
247,68.9,2.290
248,69.1,2.280
249,69.2,2.290
250,69.4,2.290
251,69.6,2.280
252,69.8,2.280
253,70.0,2.290
254,70.2,2.280
255,70.4,2.280
256,70.6,2.290
257,70.7,2.280
258,71.0,2.280
259,71.1,2.290
260,71.3,2.280
261,71.5,2.280
262,71.7,2.290
263,71.9,2.280
264,72.1,2.290
265,72.3,2.290
266,72.4,2.280
267,72.6,2.290
268,72.8,2.290
269,73.0,2.280
270,73.2,2.290
271,73.4,2.290
272,73.6,2.280
273,73.7,2.290
274,73.9,2.290
275,74.1,2.280
276,74.3,2.290
277,74.5,2.290
278,74.7,2.280
279,74.9,2.290
280,75.0,2.290
281,75.2,2.290
282,75.4,2.290
283,75.6,2.290
284,75.8,2.280
285,76.0,2.280
286,76.1,2.290
287,76.3,2.280
288,76.5,2.280
289,76.7,2.290
290,76.9,2.280
291,77.0,2.290
292,77.2,2.290
293,77.4,2.280
294,77.6,2.280
295,77.8,2.290
296,78.0,2.290
297,78.1,2.280
298,78.3,2.290
299,78.5,2.290
300,78.7,2.280
301,78.9,2.290
302,79.0,2.290
303,79.2,2.280
304,79.4,2.290
305,79.6,2.290
306,79.8,2.280
307,80.0,2.290
308,80.1,2.290
309,80.3,2.280
310,80.5,2.290
311,80.7,2.290
312,80.9,2.280
313,81.1,2.290
314,81.2,2.280
315,81.4,2.280
316,81.6,2.290
317,81.7,2.290
318,81.9,2.290
319,82.1,2.290
320,82.3,2.290
321,82.4,2.280
322,82.6,2.290
323,82.8,2.290
324,83.0,2.290
325,83.2,2.290
326,83.3,2.290
327,83.5,2.280
328,83.7,2.290
329,83.9,2.290
330,84.0,2.280
331,84.2,2.290
332,84.4,2.280
333,84.5,2.280
334,84.7,2.290
335,84.9,2.280
336,85.1,2.290
337,85.2,2.290
338,85.4,2.280
339,85.6,2.280
340,85.7,2.290
341,85.9,2.280
342,86.1,2.290
343,86.3,2.290
344,86.4,2.280
345,86.6,2.290
346,86.8,2.290
347,87.0,2.280
348,87.1,2.290
349,87.3,2.290
350,87.4,2.280
351,87.6,2.290
352,87.8,2.290
353,88.0,2.280
354,88.1,2.290
355,88.3,2.290
356,88.5,2.290
357,88.6,2.280
358,88.8,2.290
359,89.0,2.290
360,89.1,2.290
361,89.3,2.290
362,89.5,2.280
363,89.6,2.290
364,89.8,2.290
365,90.0,2.280
366,90.1,2.290
367,90.3,2.290
368,90.5,2.280
369,90.6,2.290
370,90.8,2.290
371,91.0,2.280
372,91.1,2.290
373,91.3,2.290
374,91.4,2.280
375,91.6,2.290
376,91.8,2.290
377,91.9,2.290
378,92.1,2.290
379,92.3,2.290
380,92.4,2.290
381,92.6,2.290
382,92.7,2.280
383,92.9,2.290
384,93.1,2.290
385,93.2,2.290
386,93.4,2.290
387,93.5,2.290
388,93.7,2.290
389,93.9,2.290
390,94.0,2.290
391,94.2,2.280
392,94.4,2.290
393,94.5,2.290
394,94.7,2.280
395,94.9,2.290
396,95.0,2.290
397,95.2,2.280
398,95.3,2.290
399,95.5,2.290
400,95.7,2.290
401,95.8,2.290
402,96.0,2.290
403,96.1,2.290
404,96.3,2.290
405,96.4,2.280
406,96.6,2.290
407,96.8,2.290
408,96.9,2.290
409,97.1,2.290
410,97.2,2.290
411,97.4,2.280
412,97.6,2.290
413,97.7,2.290
414,97.9,2.280
415,98.0,2.290
416,98.2,2.290
417,98.3,2.280
418,98.5,2.290
419,98.7,2.290
420,98.8,2.280
421,99.0,2.290
422,99.1,2.290
423,99.3,2.280
424,99.5,2.290
425,99.6,2.290
426,99.8,2.290
427,99.9,2.290
428,100.0,2.280
429,100.2,2.290
430,100.4,2.290
431,100.5,2.280
432,100.7,2.290
433,100.8,2.290
434,101.0,2.290
435,101.1,2.290
436,101.3,2.290
437,101.4,2.280
438,101.6,2.290
439,101.7,2.290
440,101.9,2.290
441,102.0,2.290
442,102.2,2.290
443,102.3,2.290
444,102.5,2.290
445,102.6,2.280
446,102.8,2.290
447,102.9,2.290
448,103.1,2.280
449,103.2,2.290
450,103.4,2.290
451,103.5,2.290
452,103.7,2.290
453,103.8,2.290
454,104.0,2.280
455,104.1,2.290
456,104.3,2.290
457,104.4,2.290
458,104.6,2.290
459,104.7,2.280
460,104.9,2.290
461,105.0,2.290
462,105.2,2.290
463,105.3,2.300
464,105.4,2.290
465,105.6,2.290
466,105.8,2.290
467,105.9,2.290
468,106.0,2.290
469,106.2,2.290
470,106.3,2.280
471,106.5,2.290
472,106.6,2.290
473,106.8,2.290
474,106.9,2.290
475,107.0,2.290
476,107.2,2.290
477,107.4,2.290
478,107.5,2.290
479,107.6,2.300
480,107.8,2.290
481,107.9,2.290
482,108.0,2.290
483,108.2,2.290
484,108.4,2.280
485,108.5,2.290
486,108.6,2.290
487,108.8,2.290
488,108.9,2.290
489,109.1,2.290
490,109.2,2.290
491,109.3,2.290
492,109.5,2.290
493,109.6,2.290
494,109.8,2.290
495,109.9,2.290
496,110.1,2.290
497,110.2,2.290
498,110.3,2.290
499,110.5,2.290
500,110.6,2.290
501,110.8,2.290
502,110.9,2.290
503,111.1,2.290
504,111.2,2.290
505,111.3,2.290
506,111.5,2.280
507,111.6,2.290
508,111.8,2.300
509,111.9,2.290
510,112.0,2.290
511,112.2,2.300
512,112.3,2.290
513,112.5,2.290
514,112.6,2.300
515,112.7,2.290
516,112.9,2.290
517,113.0,2.290
518,113.1,2.300
519,113.3,2.290
520,113.4,2.290
521,113.6,2.300
522,113.7,2.290
523,113.8,2.290
524,114.0,2.300
525,114.1,2.290
526,114.3,2.290
527,114.4,2.290
528,114.5,2.290
529,114.6,2.290
530,114.8,2.290
531,114.9,2.290
532,115.1,2.290
533,115.2,2.300
534,115.3,2.290
535,115.5,2.290
536,115.6,2.300
537,115.7,2.290
538,115.9,2.290
539,116.0,2.290
540,116.1,2.290
541,116.3,2.290
542,116.4,2.290
543,116.5,2.290
544,116.7,2.290
545,116.8,2.290
546,116.9,2.290
547,117.1,2.290
548,117.2,2.290
549,117.3,2.290
550,117.5,2.290
551,117.6,2.300
552,117.7,2.290
553,117.8,2.290
554,118.0,2.300
555,118.1,2.290
556,118.2,2.290
557,118.4,2.300
558,118.5,2.290
559,118.6,2.290
560,118.8,2.290
561,118.9,2.290
562,119.0,2.290
563,119.2,2.290
564,119.3,2.290
565,119.4,2.290
566,119.6,2.290
567,119.7,2.300
568,119.8,2.290
569,119.9,2.290
570,120.1,2.300
571,120.2,2.290
572,120.3,2.290
573,120.4,2.300
574,120.6,2.290
575,120.7,2.290
576,120.8,2.300
577,120.9,2.290
578,121.1,2.290
579,121.2,2.300
580,121.3,2.290
581,121.5,2.290
582,121.6,2.290
583,121.7,2.290
584,121.8,2.290
585,122.0,2.300
586,122.1,2.290
587,122.2,2.290
588,122.3,2.300
589,122.5,2.290
590,122.6,2.290
591,122.7,2.290
592,122.8,2.300
593,123.0,2.290
594,123.1,2.300
595,123.2,2.290
596,123.3,2.290
597,123.5,2.300
598,123.6,2.290
599,123.7,2.290
600,123.8,2.290
601,123.9,2.290
602,124.1,2.290
603,124.2,2.290
604,124.3,2.290
605,124.4,2.290
606,124.6,2.300
607,124.7,2.290
608,124.8,2.290
609,124.9,2.300
610,125.1,2.290
611,125.2,2.290
612,125.3,2.300
613,125.4,2.290
614,125.6,2.290
615,125.7,2.300
616,125.8,2.290
617,125.9,2.290
618,126.0,2.290
619,126.2,2.290
620,126.3,2.290
621,126.4,2.300
622,126.5,2.290
623,126.6,2.290
624,126.8,2.300
625,126.9,2.290
626,127.0,2.290
627,127.1,2.300
628,127.2,2.290
629,127.4,2.290
630,127.5,2.300
631,127.6,2.290
632,127.7,2.290
633,127.9,2.300
634,128.0,2.300
635,128.1,2.290
636,128.2,2.300
637,128.3,2.290
638,128.4,2.290
639,128.6,2.300
640,128.7,2.290
641,128.8,2.300
642,128.9,2.290
643,129.0,2.290
644,129.1,2.300
645,129.3,2.290
646,129.4,2.290
647,129.5,2.300
648,129.6,2.290
649,129.7,2.290
650,129.9,2.300
651,130.0,2.290
652,130.1,2.290
653,130.2,2.300
654,130.3,2.300
655,130.5,2.290
656,130.6,2.300
657,130.7,2.290
658,130.8,2.290
659,130.9,2.300
660,131.0,2.290
661,131.1,2.290
662,131.2,2.300
663,131.4,2.290
664,131.5,2.290
665,131.6,2.300
666,131.7,2.290
667,131.8,2.290
668,131.9,2.300
669,132.0,2.290
670,132.2,2.300
671,132.3,2.290
672,132.4,2.290
673,132.5,2.300
674,132.6,2.290
675,132.7,2.290
676,132.8,2.300
677,132.9,2.290
678,133.0,2.290
679,133.2,2.300
680,133.3,2.290
681,133.4,2.290
682,133.5,2.300
683,133.6,2.290
684,133.7,2.290
685,133.8,2.300
686,134.0,2.290
687,134.1,2.290
688,134.2,2.300
689,134.3,2.290
690,134.4,2.290
691,134.5,2.300
692,134.6,2.290
693,134.7,2.290
694,134.8,2.300
695,134.9,2.290
696,135.1,2.300
697,135.2,2.300
698,135.3,2.290
699,135.4,2.300
700,135.5,2.290
701,135.6,2.290
702,135.7,2.300
703,135.8,2.290
704,135.9,2.290
705,136.0,2.300
706,136.1,2.290
707,136.2,2.300
708,136.4,2.290
709,136.5,2.290
710,136.6,2.300
711,136.7,2.290
712,136.8,2.290
713,136.9,2.300
714,137.0,2.290
715,137.1,2.290
716,137.2,2.300
717,137.3,2.290
718,137.4,2.290
719,137.5,2.300
720,137.6,2.290
721,137.8,2.300
722,137.9,2.290
723,138.0,2.290
724,138.1,2.300
725,138.2,2.290
726,138.3,2.290
727,138.4,2.300
728,138.5,2.290
729,138.6,2.300
730,138.7,2.290
731,138.8,2.290
732,138.9,2.300
733,139.0,2.290
734,139.1,2.290
735,139.2,2.300
736,139.3,2.290
737,139.4,2.300
738,139.5,2.290
739,139.6,2.290
740,139.7,2.300
741,139.8,2.290
742,139.9,2.290
743,140.0,2.300
744,140.2,2.290
745,140.2,2.290
746,140.3,2.300
747,140.4,2.290
748,140.5,2.290
749,140.6,2.300
750,140.8,2.290
751,140.9,2.290
752,141.0,2.300
753,141.1,2.300
754,141.2,2.290
755,141.3,2.300
756,141.4,2.290
757,141.5,2.290
758,141.6,2.300
759,141.7,2.290
760,141.8,2.290
761,141.9,2.300
762,142.0,2.290
763,142.1,2.290
764,142.2,2.300
765,142.3,2.290
766,142.4,2.290
767,142.5,2.300
768,142.6,2.290
769,142.7,2.290
770,142.8,2.300
771,142.9,2.290
772,143.0,2.300
773,143.1,2.300
774,143.2,2.290
775,143.3,2.290
776,143.4,2.300
777,143.5,2.290
778,143.6,2.290
779,143.7,2.300
780,143.8,2.290
781,143.9,2.300
782,144.0,2.300
783,144.1,2.290
784,144.2,2.300
785,144.3,2.300
786,144.4,2.290
787,144.5,2.300
788,144.6,2.300
789,144.6,2.290
790,144.7,2.300
791,144.9,2.300
792,145.0,2.290
793,145.0,2.300
794,145.1,2.300
795,145.2,2.290
796,145.3,2.300
797,145.4,2.290
798,145.5,2.290
799,145.6,2.300
800,145.7,2.290
801,145.8,2.290
802,145.9,2.300
803,146.0,2.290
804,146.1,2.300
805,146.2,2.300
806,146.3,2.290
807,146.4,2.300
808,146.5,2.300
809,146.6,2.290
810,146.7,2.290
811,146.8,2.300
812,146.8,2.290
813,146.9,2.300
814,147.0,2.300
815,147.1,2.290
816,147.2,2.300
817,147.3,2.300
818,147.4,2.290
819,147.5,2.300
820,147.6,2.300
821,147.7,2.290
822,147.8,2.300
823,147.9,2.290
824,148.0,2.290
825,148.1,2.300
826,148.2,2.290
827,148.3,2.290
828,148.4,2.300
829,148.5,2.290
830,148.5,2.300
831,148.6,2.300
832,148.7,2.290
833,148.8,2.300
834,148.9,2.290
835,149.0,2.290
836,149.1,2.300
837,149.2,2.290
838,149.3,2.300
839,149.4,2.300
840,149.5,2.290
841,149.6,2.300
842,149.6,2.300
843,149.7,2.290
844,149.8,2.300
845,149.9,2.300
846,150.0,2.290
847,150.1,2.300
848,150.2,2.290
849,150.3,2.290
850,150.4,2.300
851,150.5,2.290
852,150.6,2.290
853,150.6,2.300
854,150.7,2.290
855,150.8,2.300
856,150.9,2.300
857,151.0,2.290
858,151.1,2.300
859,151.2,2.290
860,151.3,2.300
861,151.4,2.300
862,151.5,2.290
863,151.5,2.300
864,151.6,2.290
865,151.7,2.290
866,151.8,2.300
867,151.9,2.290
868,152.0,2.300
869,152.1,2.290
870,152.2,2.290
871,152.2,2.300
872,152.3,2.290
873,152.4,2.300
874,152.5,2.300
875,152.6,2.290
876,152.7,2.300
877,152.8,2.300
878,152.8,2.290
879,152.9,2.300
880,153.0,2.300
881,153.1,2.290
882,153.2,2.300
883,153.3,2.300
884,153.4,2.290
885,153.5,2.300
886,153.6,2.290
887,153.7,2.300
888,153.7,2.300
889,153.8,2.290
890,153.9,2.300
891,154.0,2.300
892,154.1,2.290
893,154.2,2.300
894,154.3,2.300
895,154.3,2.290
896,154.4,2.300
897,154.5,2.300
898,154.6,2.290
899,154.7,2.300
900,154.7,2.290
901,154.8,2.290
902,154.9,2.300
903,155.0,2.290
904,155.1,2.290
905,155.2,2.300
906,155.3,2.290
907,155.3,2.290
908,155.4,2.300
909,155.5,2.290
910,155.6,2.300
911,155.7,2.300
912,155.8,2.290
913,155.9,2.300
914,155.9,2.290
915,156.0,2.290
916,156.1,2.300
917,156.2,2.300
918,156.3,2.290
919,156.4,2.300
920,156.4,2.290
921,156.5,2.300
922,156.6,2.300
923,156.7,2.290
924,156.8,2.300
925,156.8,2.300
926,156.9,2.290
927,157.0,2.300
928,157.1,2.290
929,157.2,2.300
930,157.3,2.300
931,157.3,2.290
932,157.4,2.300
933,157.5,2.300
934,157.6,2.300
935,157.7,2.300
936,157.8,2.290
937,157.8,2.300
938,157.9,2.300
939,158.0,2.290
940,158.1,2.300
941,158.2,2.300
942,158.2,2.290
943,158.3,2.300
944,158.4,2.290
945,158.5,2.290
946,158.6,2.300
947,158.7,2.290
948,158.7,2.300
949,158.8,2.300
950,158.9,2.290
951,159.0,2.300
952,159.0,2.290
953,159.1,2.290
954,159.2,2.300
955,159.3,2.290
956,159.4,2.300
957,159.5,2.300
958,159.5,2.290
959,159.6,2.300
960,159.7,2.300
961,159.8,2.290
962,159.8,2.300
963,159.9,2.290
964,160.0,2.300
965,160.1,2.300
966,160.2,2.290
967,160.2,2.300
968,160.3,2.290
969,160.4,2.300
970,160.5,2.300
971,160.5,2.290
972,160.6,2.300
973,160.7,2.300
974,160.8,2.290
975,160.9,2.300
976,160.9,2.290
977,161.0,2.300
978,161.1,2.300
979,161.2,2.290
980,161.3,2.300
981,161.3,2.300
982,161.4,2.290
983,161.5,2.300
984,161.6,2.290
985,161.6,2.300
986,161.7,2.300
987,161.8,2.290
988,161.9,2.300
989,161.9,2.290
990,162.0,2.290
991,162.1,2.300
992,162.2,2.290
993,162.3,2.300
994,162.3,2.300
995,162.4,2.290
996,162.5,2.300
997,162.6,2.290
998,162.6,2.290
999,162.7,2.300
1000,162.8,2.290
1001,162.9,2.300
1002,162.9,2.290
1003,163.0,2.300
1004,163.1,2.300
1005,163.2,2.290
1006,163.2,2.300
1007,163.3,2.290
1008,163.4,2.300
1009,163.5,2.290
1010,163.5,2.300
1011,163.6,2.290
1012,163.7,2.300
1013,163.8,2.290
1014,163.8,2.300
1015,163.9,2.290
1016,164.0,2.300
1017,164.1,2.300
1018,164.1,2.300
1019,164.2,2.300
1020,164.3,2.300
1021,164.4,2.290
1022,164.4,2.300
1023,164.5,2.300
1024,164.6,2.300
1025,164.7,2.300
1026,164.7,2.300
1027,164.8,2.300
1028,164.9,2.300
1029,165.0,2.290
1030,165.0,2.300
1031,165.1,2.300
1032,165.2,2.290
1033,165.2,2.300
1034,165.3,2.300
1035,165.4,2.300
1036,165.5,2.290
1037,165.5,2.300
1038,165.6,2.300
1039,165.7,2.300
1040,165.8,2.290
1041,165.8,2.300
1042,165.9,2.290
1043,166.0,2.300
1044,166.0,2.290
1045,166.1,2.300
1046,166.2,2.290
1047,166.3,2.300
1048,166.3,2.290
1049,166.4,2.300
1050,166.5,2.290
1051,166.6,2.300
1052,166.6,2.290
1053,166.7,2.300
1054,166.8,2.290
1055,166.8,2.300
1056,166.9,2.290
1057,167.0,2.300
1058,167.1,2.290
1059,167.1,2.300
1060,167.2,2.290
1061,167.3,2.300
1062,167.3,2.300
1063,167.4,2.300
1064,167.5,2.300
1065,167.5,2.290
1066,167.6,2.300
1067,167.7,2.290
1068,167.7,2.300
1069,167.8,2.290
1070,167.9,2.300
1071,168.0,2.290
1072,168.0,2.300
1073,168.1,2.300
1074,168.2,2.300
1075,168.3,2.300
1076,168.3,2.300
1077,168.4,2.300
1078,168.5,2.300
1079,168.5,2.300
1080,168.6,2.300
1081,168.7,2.300
1082,168.7,2.300
1083,168.8,2.300
1084,168.9,2.300
1085,168.9,2.290
1086,169.0,2.300
1087,169.1,2.300
1088,169.2,2.300
1089,169.2,2.300
1090,169.3,2.300
1091,169.4,2.290
1092,169.4,2.300
1093,169.5,2.300
1094,169.6,2.300
1095,169.6,2.300
1096,169.7,2.300
1097,169.8,2.290
1098,169.8,2.300
1099,169.9,2.290
1100,170.0,2.300
1101,170.0,2.290
1102,170.1,2.300
1103,170.2,2.290
1104,170.2,2.300
1105,170.3,2.290
1106,170.4,2.300
1107,170.5,2.290
1108,170.5,2.300
1109,170.6,2.300
1110,170.7,2.300
1111,170.7,2.290
1112,170.8,2.300
1113,170.9,2.290
1114,170.9,2.300
1115,171.0,2.290
1116,171.1,2.300
1117,171.1,2.300
1118,171.2,2.300
1119,171.3,2.300
1120,171.3,2.290
1121,171.4,2.300
1122,171.5,2.290
1123,171.5,2.300
1124,171.6,2.290
1125,171.7,2.300
1126,171.7,2.290
1127,171.8,2.300
1128,171.9,2.290
1129,171.9,2.300
1130,172.0,2.300
1131,172.1,2.290
1132,172.1,2.300
1133,172.2,2.290
1134,172.3,2.300
1135,172.3,2.300
1136,172.4,2.300
1137,172.5,2.290
1138,172.5,2.300
1139,172.6,2.290
1140,172.7,2.300
1141,172.7,2.290
1142,172.8,2.300
1143,172.9,2.290
1144,172.9,2.300
1145,173.0,2.290
1146,173.1,2.300
1147,173.1,2.290
1148,173.2,2.300
1149,173.3,2.290
1150,173.3,2.300
1151,173.4,2.290
1152,173.5,2.300
1153,173.5,2.290
1154,173.6,2.300
1155,173.6,2.290
1156,173.7,2.300
1157,173.8,2.290
1158,173.8,2.300
1159,173.9,2.300
1160,174.0,2.300
1161,174.0,2.290
1162,174.1,2.300
1163,174.2,2.290
1164,174.2,2.300
1165,174.3,2.300
1166,174.4,2.300
1167,174.4,2.300
1168,174.5,2.300
1169,174.5,2.290
1170,174.6,2.300
1171,174.7,2.300
1172,174.7,2.300
1173,174.8,2.300
1174,174.9,2.290
1175,174.9,2.300
1176,175.0,2.300
1177,175.1,2.300
1178,175.1,2.290
1179,175.2,2.300
1180,175.2,2.290
1181,175.3,2.300
1182,175.4,2.290
1183,175.4,2.300
1184,175.5,2.290
1185,175.6,2.300
1186,175.6,2.290
1187,175.7,2.300
1188,175.8,2.290
1189,175.8,2.300
1190,175.9,2.290
1191,175.9,2.300
1192,176.0,2.300
1193,176.1,2.300
1194,176.1,2.300
1195,176.2,2.300
1196,176.3,2.300
1197,176.3,2.290
1198,176.4,2.300
1199,176.4,2.290
1200,176.5,2.300
1201,176.6,2.300
1202,176.6,2.300
1203,176.7,2.290
1204,176.7,2.300
1205,176.8,2.290
1206,176.9,2.300
1207,176.9,2.290
1208,177.0,2.300
1209,177.1,2.290
1210,177.1,2.300
1211,177.2,2.290
1212,177.2,2.300
1213,177.3,2.290
1214,177.4,2.300
1215,177.4,2.290
1216,177.5,2.300
1217,177.6,2.290
1218,177.6,2.300
1219,177.7,2.290
1220,177.7,2.300
1221,177.8,2.290
1222,177.8,2.300
1223,177.9,2.290
1224,178.0,2.300
1225,178.0,2.290
1226,178.1,2.300
1227,178.1,2.290
1228,178.2,2.300
1229,178.3,2.300
1230,178.3,2.300
1231,178.4,2.300
1232,178.5,2.290
1233,178.5,2.300
1234,178.6,2.290
1235,178.6,2.300
1236,178.7,2.300
1237,178.8,2.300
1238,178.8,2.300
1239,178.9,2.300
1240,178.9,2.290
1241,179.0,2.300
1242,179.1,2.290
1243,179.1,2.300
1244,179.2,2.290
1245,179.2,2.300
1246,179.3,2.290
1247,179.4,2.300
1248,179.4,2.300
1249,179.5,2.300
1250,179.5,2.300
1251,179.6,2.300
1252,179.7,2.300
1253,179.7,2.290
1254,179.8,2.300
1255,179.8,2.290
1256,179.9,2.300
1257,179.9,2.290
1258,180.0,2.300
1259,180.1,2.290
1260,180.1,2.300
1261,180.2,2.290
1262,180.2,2.300
1263,180.3,2.300
1264,180.4,2.290
1265,180.4,2.300
1266,180.5,2.290
1267,180.5,2.300
1268,180.6,2.290
1269,180.6,2.300
1270,180.7,2.300
1271,180.8,2.300
1272,180.8,2.290
1273,180.9,2.300
1274,180.9,2.300
1275,181.0,2.300
1276,181.1,2.290
1277,181.1,2.300
1278,181.2,2.300
1279,181.2,2.300
1280,181.3,2.290
1281,181.3,2.300
1282,181.4,2.300
1283,181.5,2.290
1284,181.5,2.300
1285,181.6,2.300
1286,181.6,2.300
1287,181.7,2.300
1288,181.8,2.300
1289,181.8,2.300
1290,181.9,2.300
1291,181.9,2.300
1292,182.0,2.300
1293,182.0,2.300
1294,182.1,2.300
1295,182.1,2.300
1296,182.2,2.290
1297,182.2,2.300
1298,182.3,2.290
1299,182.4,2.300
1300,182.4,2.290
1301,182.5,2.300
1302,182.5,2.290
1303,182.6,2.300
1304,182.6,2.290
1305,182.7,2.300
1306,182.8,2.290
1307,182.8,2.300
1308,182.9,2.290
1309,182.9,2.300
1310,183.0,2.290
1311,183.0,2.300
1312,183.1,2.290
1313,183.2,2.300
1314,183.2,2.300
1315,183.3,2.300
1316,183.3,2.300
1317,183.4,2.300
1318,183.4,2.300
1319,183.5,2.290
1320,183.5,2.300
1321,183.6,2.290
1322,183.6,2.300
1323,183.7,2.290
1324,183.8,2.300
1325,183.8,2.290
1326,183.9,2.300
1327,183.9,2.290
1328,184.0,2.300
1329,184.0,2.300
1330,184.1,2.290
1331,184.2,2.300
1332,184.2,2.300
1333,184.3,2.300
1334,184.3,2.300
1335,184.4,2.290
1336,184.4,2.300
1337,184.5,2.290
1338,184.5,2.300
1339,184.6,2.300
1340,184.6,2.300
1341,184.7,2.300
1342,184.8,2.290
1343,184.8,2.300
1344,184.9,2.290
1345,184.9,2.300
1346,185.0,2.290
1347,185.0,2.300
1348,185.1,2.290
1349,185.1,2.300
1350,185.2,2.290
1351,185.2,2.300
1352,185.3,2.290
1353,185.4,2.300
1354,185.4,2.290
1355,185.5,2.300
1356,185.5,2.290
1357,185.6,2.300
1358,185.6,2.290
1359,185.7,2.300
1360,185.7,2.300
1361,185.8,2.290
1362,185.8,2.300
1363,185.9,2.290
1364,185.9,2.300
1365,186.0,2.290
1366,186.1,2.300
1367,186.1,2.290
1368,186.2,2.300
1369,186.2,2.290
1370,186.3,2.300
1371,186.3,2.290
1372,186.4,2.300
1373,186.4,2.290
1374,186.5,2.300
1375,186.5,2.290
1376,186.6,2.300
1377,186.6,2.290
1378,186.7,2.300
1379,186.7,2.300
1380,186.8,2.290
1381,186.8,2.300
1382,186.9,2.290
1383,187.0,2.300
1384,187.0,2.290
1385,187.1,2.300
1386,187.1,2.290
1387,187.2,2.300
1388,187.2,2.300
1389,187.3,2.300
1390,187.3,2.290
1391,187.4,2.300
1392,187.4,2.290
1393,187.5,2.300
1394,187.5,2.300
1395,187.6,2.290
1396,187.6,2.300
1397,187.7,2.290
1398,187.7,2.300
1399,187.8,2.290
1400,187.8,2.300
1401,187.9,2.290
1402,187.9,2.300
1403,188.0,2.290
1404,188.0,2.300
1405,188.1,2.290
1406,188.1,2.300
1407,188.2,2.290
1408,188.2,2.300
1409,188.3,2.290
1410,188.4,2.300
1411,188.4,2.290
1412,188.5,2.300
1413,188.5,2.290
1414,188.6,2.300
1415,188.6,2.290
1416,188.7,2.300
1417,188.7,2.290
1418,188.8,2.300
1419,188.8,2.290
1420,188.9,2.300
1421,188.9,2.300
1422,188.9,2.300
1423,189.0,2.300
1424,189.1,2.300
1425,189.1,2.290
1426,189.2,2.300
1427,189.2,2.300
1428,189.3,2.290
1429,189.3,2.300
1430,189.4,2.290
1431,189.4,2.300
1432,189.5,2.300
1433,189.5,2.300
1434,189.6,2.290
1435,189.6,2.300
1436,189.7,2.290
1437,189.7,2.300
1438,189.8,2.290
1439,189.8,2.300
1440,189.9,2.290
1441,189.9,2.300
1442,190.0,2.290
1443,190.0,2.300
1444,190.1,2.300
1445,190.1,2.290
1446,190.2,2.300
1447,190.2,2.290
1448,190.3,2.300
1449,190.3,2.290
1450,190.4,2.300
1451,190.4,2.290
1452,190.5,2.300
1453,190.5,2.290
1454,190.6,2.300
1455,190.6,2.290
1456,190.7,2.300
1457,190.7,2.290
1458,190.8,2.300
1459,190.8,2.290
1460,190.9,2.290
1461,190.9,2.300
1462,191.0,2.290
1463,191.0,2.300
1464,191.1,2.290
1465,191.1,2.300
1466,191.2,2.290
1467,191.2,2.300
1468,191.3,2.290
1469,191.3,2.300
1470,191.4,2.290
1471,191.4,2.300
1472,191.5,2.290
1473,191.5,2.300
1474,191.6,2.290
1475,191.6,2.300
1476,191.7,2.290
1477,191.7,2.300
1478,191.8,2.300
1479,191.8,2.300
1480,191.8,2.300
1481,191.9,2.290
1482,192.0,2.300
1483,192.0,2.290
1484,192.1,2.300
1485,192.1,2.290
1486,192.1,2.300
1487,192.2,2.290
1488,192.2,2.290
1489,192.3,2.300
1490,192.3,2.290
1491,192.4,2.310
1492,192.4,2.290
1493,192.5,2.300
1494,192.5,2.290
1495,192.6,2.300
1496,192.6,2.290
1497,192.7,2.300
1498,192.7,2.290
1499,192.8,2.290
1500,192.8,2.300
1501,192.9,2.290
1502,192.9,2.300
1503,193.0,2.290
1504,193.0,2.300
1505,193.0,2.290
1506,193.1,2.300
1507,193.2,2.290
1508,193.2,2.290
1509,193.3,2.300
1510,193.3,2.290
1511,193.3,2.300
1512,193.4,2.290
1513,193.4,2.300
1514,193.5,2.290
1515,193.5,2.300
1516,193.6,2.290
1517,193.6,2.290
1518,193.7,2.300
1519,193.7,2.290
1520,193.8,2.300
1521,193.8,2.290
1522,193.9,2.300
1523,193.9,2.300
1524,194.0,2.290
1525,194.0,2.300
1526,194.0,2.290
1527,194.1,2.300
1528,194.1,2.290
1529,194.2,2.300
1530,194.2,2.290
1531,194.3,2.300
1532,194.3,2.300
1533,194.4,2.300
1534,194.4,2.290
1535,194.5,2.300
1536,194.5,2.290
1537,194.6,2.300
1538,194.6,2.290
1539,194.7,2.300
1540,194.7,2.290
1541,194.8,2.300
1542,194.8,2.290
1543,194.9,2.300
1544,194.9,2.290
1545,195.0,2.300
1546,195.0,2.290
1547,195.0,2.300
1548,195.1,2.290
1549,195.1,2.300
1550,195.2,2.290
1551,195.2,2.300
1552,195.3,2.290
1553,195.3,2.300
1554,195.4,2.290
1555,195.4,2.300
1556,195.4,2.290
1557,195.5,2.300
1558,195.5,2.290
1559,195.6,2.300
1560,195.6,2.290
1561,195.7,2.300
1562,195.7,2.290
1563,195.8,2.300
1564,195.8,2.290
1565,195.8,2.300
1566,195.9,2.290
1567,195.9,2.290
1568,196.0,2.290
1569,196.0,2.300
1570,196.1,2.290
1571,196.1,2.300
1572,196.2,2.290
1573,196.2,2.300
1574,196.3,2.300
1575,196.3,2.290
1576,196.3,2.300
1577,196.4,2.290
1578,196.4,2.300
1579,196.5,2.290
1580,196.5,2.300
1581,196.6,2.290
1582,196.6,2.300
1583,196.7,2.290
1584,196.7,2.300
1585,196.8,2.290
1586,196.8,2.300
1587,196.8,2.290
1588,196.9,2.290
1589,196.9,2.300
1590,197.0,2.290
1591,197.0,2.300
1592,197.1,2.290
1593,197.1,2.300
1594,197.2,2.290
1595,197.2,2.300
1596,197.2,2.290
1597,197.3,2.300
1598,197.3,2.290
1599,197.4,2.300
1600,197.4,2.290
1601,197.5,2.300
1602,197.5,2.290
1603,197.5,2.300
1604,197.6,2.290
1605,197.6,2.300
1606,197.7,2.290
1607,197.7,2.300
1608,197.8,2.290
1609,197.8,2.290
1610,197.9,2.290
1611,197.9,2.290
1612,197.9,2.290
1613,198.0,2.290
1614,198.0,2.290
1615,198.1,2.290
1616,198.1,2.290
1617,198.1,2.290
1618,198.2,2.300
1619,198.2,2.290
1620,198.3,2.300
1621,198.3,2.290
1622,198.4,2.300
1623,198.4,2.290
1624,198.5,2.300
1625,198.5,2.290
1626,198.5,2.300
1627,198.6,2.290
1628,198.6,2.300
1629,198.7,2.290
1630,198.7,2.290
1631,198.8,2.290
1632,198.8,2.300
1633,198.8,2.290
1634,198.9,2.290
1635,198.9,2.290
1636,199.0,2.290
1637,199.0,2.290
1638,199.0,2.290
1639,199.1,2.300
1640,199.1,2.290
1641,199.2,2.300
1642,199.2,2.290
1643,199.3,2.300
1644,199.3,2.290
1645,199.4,2.300
1646,199.4,2.290
1647,199.4,2.300
1648,199.5,2.290
1649,199.5,2.300
1650,199.6,2.290
1651,199.6,2.300
1652,199.7,2.300
1653,199.7,2.290
1654,199.7,2.300
1655,199.8,2.290
1656,199.8,2.300
1657,199.9,2.290
1658,199.9,2.300
1659,199.9,2.290
1660,200.0,2.290
1661,200.0,2.290
1662,200.1,2.300
1663,200.1,2.290
1664,200.2,2.300
1665,200.2,2.290
1666,200.2,2.290
1667,200.3,2.290
1668,200.3,2.300
1669,200.4,2.290
1670,200.4,2.300
1671,200.4,2.290
1672,200.5,2.290
1673,200.5,2.290
1674,200.6,2.290
1675,200.6,2.290
1676,200.7,2.290
1677,200.7,2.290
1678,200.7,2.290
1679,200.8,2.300
1680,200.8,2.280
1681,200.9,2.300
1682,200.9,2.290
1683,200.9,2.290
1684,201.0,2.290
1685,201.0,2.300
1686,201.1,2.290
1687,201.1,2.290
1688,201.1,2.290
1689,201.2,2.290
1690,201.2,2.290
1691,201.3,2.290
1692,201.3,2.290
1693,201.3,2.290
1694,201.4,2.290
1695,201.4,2.290
1696,201.5,2.300
1697,201.5,2.290
1698,201.5,2.290
1699,201.6,2.290
1700,201.6,2.300
1701,201.7,2.290
1702,201.7,2.290
1703,201.7,2.290
1704,201.8,2.290
1705,201.8,2.290
1706,201.9,2.290
1707,201.9,2.300
1708,201.9,2.290
1709,202.0,2.290
1710,202.0,2.290
1711,202.1,2.300
1712,202.1,2.290
1713,202.1,2.300
1714,202.2,2.290
1715,202.2,2.290
1716,202.3,2.290
1717,202.3,2.290
1718,202.3,2.290
1719,202.4,2.290
1720,202.4,2.300
1721,202.5,2.290
1722,202.5,2.300
1723,202.6,2.290
1724,202.6,2.290
1725,202.6,2.290
1726,202.7,2.300
1727,202.7,2.290
1728,202.8,2.300
1729,202.8,2.290
1730,202.8,2.290
1731,202.9,2.300
1732,202.9,2.290
1733,203.0,2.290
1734,203.0,2.290
1735,203.0,2.290
1736,203.1,2.290
1737,203.1,2.290
1738,203.2,2.290
1739,203.2,2.290
1740,203.2,2.290
1741,203.3,2.290
1742,203.3,2.290
1743,203.3,2.300
1744,203.4,2.290
1745,203.4,2.290
1746,203.5,2.290
1747,203.5,2.290
1748,203.5,2.290
1749,203.6,2.290
1750,203.6,2.290
1751,203.7,2.290
1752,203.7,2.300
1753,203.7,2.290
1754,203.8,2.290
1755,203.8,2.290
1756,203.9,2.290
1757,203.9,2.290
1758,203.9,2.290
1759,204.0,2.290
1760,204.0,2.290
1761,204.0,2.300
1762,204.1,2.290
1763,204.1,2.300
1764,204.2,2.290
1765,204.2,2.290
1766,204.2,2.290
1767,204.3,2.290
1768,204.3,2.290
1769,204.3,2.290
1770,204.4,2.300
1771,204.4,2.290
1772,204.5,2.290
1773,204.5,2.290
1774,204.5,2.290
1775,204.6,2.290
1776,204.6,2.290
1777,204.7,2.290
1778,204.7,2.290
1779,204.7,2.290
1780,204.8,2.290
1781,204.8,2.290
1782,204.8,2.290
1783,204.9,2.290
1784,204.9,2.290
1785,205.0,2.290
1786,205.0,2.300
1787,205.0,2.290
1788,205.1,2.290
1789,205.1,2.290
1790,205.1,2.290
1791,205.2,2.290
1792,205.2,2.290
1793,205.3,2.290
1794,205.3,2.290
1795,205.3,2.290
1796,205.4,2.290
1797,205.4,2.290
1798,205.4,2.290
1799,205.5,2.290
1800,205.5,2.290
1801,205.6,2.290
1802,205.6,2.290
1803,205.6,2.290
1804,205.7,2.280
1805,205.7,2.290
1806,205.7,2.280
1807,205.8,2.290
1808,205.8,2.290
1809,205.9,2.290
1810,205.9,2.280
1811,205.9,2.290
1812,206.0,2.290
1813,206.0,2.290
1814,206.0,2.290
1815,206.1,2.290
1816,206.1,2.290
1817,206.1,2.290
1818,206.2,2.290
1819,206.2,2.290
1820,206.3,2.290
1821,206.3,2.280
1822,206.3,2.290
1823,206.4,2.290
1824,206.4,2.290
1825,206.4,2.290
1826,206.5,2.290
1827,206.5,2.290
1828,206.6,2.290
1829,206.6,2.290
1830,206.6,2.290
1831,206.7,2.290
1832,206.7,2.290
1833,206.7,2.290
1834,206.8,2.280
1835,206.8,2.290
1836,206.8,2.280
1837,206.9,2.290
1838,206.9,2.290
1839,207.0,2.290
1840,207.0,2.290
1841,207.0,2.290
1842,207.1,2.290
1843,207.1,2.290
1844,207.1,2.290
1845,207.2,2.280
1846,207.2,2.300
1847,207.2,2.290
1848,207.3,2.290
1849,207.3,2.280
1850,207.4,2.290
1851,207.4,2.290
1852,207.4,2.290
1853,207.5,2.290
1854,207.5,2.290
1855,207.5,2.290
1856,207.6,2.290
1857,207.6,2.290
1858,207.6,2.290
1859,207.7,2.290
1860,207.7,2.280
1861,207.7,2.290
1862,207.8,2.290
1863,207.8,2.290
1864,207.9,2.280
1865,207.9,2.290
1866,207.9,2.280
1867,208.0,2.290
1868,208.0,2.280
1869,208.0,2.290
1870,208.1,2.280
1871,208.1,2.290
1872,208.1,2.280
1873,208.2,2.290
1874,208.2,2.290
1875,208.3,2.290
1876,208.3,2.280
1877,208.3,2.290
1878,208.4,2.290
1879,208.4,2.280
1880,208.4,2.290
1881,208.5,2.280
1882,208.5,2.290
1883,208.5,2.280
1884,208.6,2.290
1885,208.6,2.280
1886,208.6,2.290
1887,208.7,2.290
1888,208.7,2.290
1889,208.7,2.280
1890,208.8,2.280
1891,208.8,2.290
1892,208.8,2.280
1893,208.9,2.290
1894,208.9,2.280
1895,208.9,2.290
1896,209.0,2.280
1897,209.0,2.290
1898,209.0,2.280
1899,209.1,2.290
1900,209.1,2.290
1901,209.1,2.290
1902,209.2,2.290
1903,209.2,2.280
1904,209.3,2.290
1905,209.3,2.290
1906,209.3,2.290
1907,209.4,2.280
1908,209.4,2.290
1909,209.4,2.280
1910,209.5,2.280
1911,209.5,2.290
1912,209.5,2.280
1913,209.6,2.290
1914,209.6,2.280
1915,209.6,2.280
1916,209.7,2.290
1917,209.7,2.280
1918,209.7,2.290
1919,209.8,2.280
1920,209.8,2.290
1921,209.9,2.280
1922,209.9,2.290
1923,209.9,2.280
1924,209.9,2.290
1925,210.0,2.280
1926,210.0,2.290
1927,210.0,2.280
1928,210.1,2.280
1929,210.1,2.290
1930,210.1,2.280
1931,210.2,2.290
1932,210.2,2.280
1933,210.3,2.290
1934,210.3,2.280
1935,210.3,2.290
1936,210.4,2.280
1937,210.4,2.290
1938,210.4,2.280
1939,210.5,2.290
1940,210.5,2.280
1941,210.5,2.290
1942,210.6,2.280
1943,210.6,2.280
1944,210.6,2.290
1945,210.7,2.280
1946,210.7,2.290
1947,210.7,2.280
1948,210.8,2.290
1949,210.8,2.280
1950,210.8,2.290
1951,210.9,2.280
1952,210.9,2.280
1953,210.9,2.290
1954,211.0,2.280
1955,211.0,2.280
1956,211.0,2.280
1957,211.1,2.290
1958,211.1,2.280
1959,211.1,2.290
1960,211.2,2.280
1961,211.2,2.280
1962,211.2,2.280
1963,211.3,2.280
1964,211.3,2.280
1965,211.3,2.280
1966,211.4,2.290
1967,211.4,2.280
1968,211.4,2.290
1969,211.5,2.280
1970,211.5,2.280
1971,211.5,2.280
1972,211.5,2.280
1973,211.6,2.290
1974,211.6,2.280
1975,211.7,2.280
1976,211.7,2.280
1977,211.7,2.280
1978,211.7,2.280
1979,211.8,2.290
1980,211.8,2.290
1981,211.8,2.280
1982,211.9,2.280
1983,211.9,2.280
1984,211.9,2.280
1985,212.0,2.280
1986,212.0,2.280
1987,212.0,2.280
1988,212.1,2.280
1989,212.1,2.290
1990,212.1,2.280
1991,212.2,2.280
1992,212.2,2.280
1993,212.2,2.290
1994,212.3,2.280
1995,212.3,2.290
1996,212.3,2.280
1997,212.3,2.280
1998,212.4,2.280
1999,212.4,2.280
2000,212.4,2.280
2001,212.5,2.280
2002,212.5,2.280
2003,212.5,2.280
2004,212.6,2.290
2005,212.6,2.280
2006,212.6,2.280
2007,212.7,2.280
2008,212.7,2.280
2009,212.7,2.280
2010,212.8,2.280
2011,212.8,2.290
2012,212.8,2.280
2013,212.9,2.280
2014,212.9,2.280
2015,212.9,2.280
2016,213.0,2.290
2017,213.0,2.280
2018,213.0,2.280
2019,213.1,2.280
2020,213.1,2.280
2021,213.1,2.280
2022,213.2,2.280
2023,213.2,2.280
2024,213.2,2.280
2025,213.2,2.280
2026,213.3,2.280
2027,213.3,2.280
2028,213.3,2.280
2029,213.4,2.280
2030,213.4,2.280
2031,213.4,2.280
2032,213.5,2.280
2033,213.5,2.280
2034,213.5,2.290
2035,213.6,2.280
2036,213.6,2.280
2037,213.6,2.280
2038,213.7,2.280
2039,213.7,2.280
2040,213.7,2.270
2041,213.8,2.280
2042,213.8,2.280
2043,213.8,2.280
2044,213.8,2.280
2045,213.9,2.280
2046,213.9,2.280
2047,213.9,2.280
2048,214.0,2.280
2049,214.0,2.280
2050,214.0,2.280
2051,214.1,2.280
2052,214.1,2.280
2053,214.1,2.290
2054,214.1,2.280
2055,214.2,2.290
2056,214.2,2.280
2057,214.2,2.280
2058,214.3,2.280
2059,214.3,2.280
2060,214.3,2.280
2061,214.3,2.280
2062,214.4,2.280
2063,214.4,2.280
2064,214.4,2.280
2065,214.5,2.280
2066,214.5,2.270
2067,214.5,2.280
2068,214.6,2.280
2069,214.6,2.280
2070,214.6,2.280
2071,214.6,2.280
2072,214.7,2.280
2073,214.7,2.280
2074,214.7,2.280
2075,214.8,2.280
2076,214.8,2.270
2077,214.8,2.280
2078,214.9,2.270
2079,214.9,2.280
2080,214.9,2.270
2081,214.9,2.280
2082,215.0,2.270
2083,215.0,2.280
2084,215.0,2.270
2085,215.1,2.280
2086,215.1,2.270
2087,215.1,2.280
2088,215.2,2.270
2089,215.2,2.280
2090,215.2,2.280
2091,215.2,2.280
2092,215.3,2.270
2093,215.3,2.280
2094,215.3,2.270
2095,215.4,2.280
2096,215.4,2.270
2097,215.4,2.280
2098,215.5,2.280
2099,215.5,2.280
2100,215.5,2.280
2101,215.5,2.280
2102,215.6,2.280
2103,215.6,2.270
2104,215.6,2.280
2105,215.7,2.270
2106,215.7,2.280
2107,215.7,2.270
2108,215.7,2.280
2109,215.8,2.270
2110,215.8,2.280
2111,215.8,2.270
2112,215.9,2.280
2113,215.9,2.270
2114,215.9,2.280
2115,215.9,2.280
2116,216.0,2.270
2117,216.0,2.280
2118,216.0,2.270
2119,216.1,2.280
2120,216.1,2.270
2121,216.1,2.280
2122,216.1,2.270
2123,216.2,2.280
2124,216.2,2.270
2125,216.2,2.280
2126,216.3,2.270
2127,216.3,2.280
2128,216.3,2.270
2129,216.4,2.280
2130,216.4,2.270
2131,216.4,2.280
2132,216.4,2.270
2133,216.5,2.280
2134,216.5,2.270
2135,216.5,2.280
2136,216.6,2.270
2137,216.6,2.280
2138,216.6,2.270
2139,216.6,2.270
2140,216.7,2.270
2141,216.7,2.270
2142,216.7,2.280
2143,216.8,2.270
2144,216.8,2.280
2145,216.8,2.270
2146,216.8,2.280
2147,216.9,2.270
2148,216.9,2.270
2149,216.9,2.270
2150,217.0,2.270
2151,217.0,2.280
2152,217.0,2.270
2153,217.0,2.280
2154,217.1,2.270
2155,217.1,2.280
2156,217.1,2.270
2157,217.2,2.280
2158,217.2,2.270
2159,217.2,2.280
2160,217.2,2.270
2161,217.3,2.280
2162,217.3,2.270
2163,217.3,2.270
2164,217.4,2.270
2165,217.4,2.270
2166,217.4,2.280
2167,217.4,2.270
2168,217.5,2.280
2169,217.5,2.270
2170,217.5,2.280
2171,217.6,2.270
2172,217.6,2.270
2173,217.6,2.270
2174,217.6,2.270
2175,217.7,2.280
2176,217.7,2.270
2177,217.7,2.280
2178,217.7,2.270
2179,217.8,2.280
2180,217.8,2.270
2181,217.8,2.270
2182,217.9,2.270
2183,217.9,2.270
2184,217.9,2.270
2185,217.9,2.270
2186,218.0,2.270
2187,218.0,2.270
2188,218.0,2.270
2189,218.0,2.270
2190,218.1,2.280
2191,218.1,2.270
2192,218.1,2.270
2193,218.2,2.270
2194,218.2,2.270
2195,218.2,2.270
2196,218.2,2.270
2197,218.3,2.270
2198,218.3,2.270
2199,218.3,2.270
2200,218.4,2.270
2201,218.4,2.270
2202,218.4,2.270
2203,218.4,2.270
2204,218.5,2.270
2205,218.5,2.270
2206,218.5,2.270
2207,218.5,2.280
2208,218.6,2.270
2209,218.6,2.270
2210,218.6,2.270
2211,218.6,2.280
2212,218.7,2.270
2213,218.7,2.270
2214,218.7,2.270
2215,218.8,2.270
2216,218.8,2.270
2217,218.8,2.270
2218,218.8,2.270
2219,218.9,2.270
2220,218.9,2.270
2221,218.9,2.270
2222,218.9,2.270
2223,219.0,2.270
2224,219.0,2.270
2225,219.0,2.270
2226,219.0,2.270
2227,219.1,2.260
2228,219.1,2.270
2229,219.1,2.260
2230,219.2,2.270
2231,219.2,2.270
2232,219.2,2.270
2233,219.2,2.270
2234,219.3,2.270
2235,219.3,2.270
2236,219.3,2.270
2237,219.3,2.270
2238,219.4,2.270
2239,219.4,2.270
2240,219.4,2.260
2241,219.5,2.270
2242,219.5,2.260
2243,219.5,2.270
2244,219.5,2.270
2245,219.6,2.270
2246,219.6,2.270
2247,219.6,2.260
2248,219.6,2.270
2249,219.7,2.260
2250,219.7,2.270
2251,219.7,2.260
2252,219.7,2.270
2253,219.8,2.260
2254,219.8,2.270
2255,219.8,2.260
2256,219.8,2.260
2257,219.9,2.270
2258,219.9,2.270
2259,219.9,2.270
2260,219.9,2.260
2261,220.0,2.270
2262,220.0,2.260
2263,220.0,2.270
2264,220.0,2.260
2265,220.1,2.270
2266,220.1,2.270
2267,220.1,2.270
2268,220.1,2.260
2269,220.2,2.270
2270,220.2,2.270
2271,220.2,2.270
2272,220.3,2.270
2273,220.3,2.260
2274,220.3,2.270
2275,220.3,2.260
2276,220.4,2.270
2277,220.4,2.260
2278,220.4,2.270
2279,220.4,2.260
2280,220.5,2.270
2281,220.5,2.270
2282,220.5,2.260
2283,220.5,2.270
2284,220.6,2.260
2285,220.6,2.270
2286,220.6,2.260
2287,220.6,2.270
2288,220.7,2.260
2289,220.7,2.270
2290,220.7,2.260
2291,220.7,2.270
2292,220.8,2.260
2293,220.8,2.260
2294,220.8,2.260
2295,220.8,2.260
2296,220.9,2.270
2297,220.9,2.260
2298,220.9,2.270
2299,221.0,2.260
2300,221.0,2.270
2301,221.0,2.260
2302,221.0,2.260
2303,221.0,2.260
2304,221.1,2.260
2305,221.1,2.270
2306,221.1,2.260
2307,221.1,2.270
2308,221.2,2.260
2309,221.2,2.260
2310,221.2,2.260
2311,221.2,2.260
2312,221.3,2.260
2313,221.3,2.260
2314,221.3,2.260
2315,221.3,2.260
2316,221.4,2.270
2317,221.4,2.260
2318,221.4,2.270
2319,221.5,2.260
2320,221.5,2.270
2321,221.5,2.260
2322,221.5,2.270
2323,221.6,2.260
2324,221.6,2.270
2325,221.6,2.260
2326,221.6,2.270
2327,221.6,2.260
2328,221.7,2.260
2329,221.7,2.260
2330,221.7,2.260
2331,221.7,2.260
2332,221.8,2.260
2333,221.8,2.260
2334,221.8,2.260
2335,221.8,2.260
2336,221.9,2.260
2337,221.9,2.260
2338,221.9,2.250
2339,221.9,2.260
2340,222.0,2.260
2341,222.0,2.260
2342,222.0,2.260
2343,222.0,2.260
2344,222.1,2.260
2345,222.1,2.260
2346,222.1,2.260
2347,222.1,2.260
2348,222.2,2.260
2349,222.2,2.260
2350,222.2,2.260
2351,222.2,2.250
2352,222.3,2.260
2353,222.3,2.260
2354,222.3,2.260
2355,222.3,2.250
2356,222.3,2.260
2357,222.4,2.260
2358,222.4,2.270
2359,222.4,2.260
2360,222.4,2.260
2361,222.5,2.260
2362,222.5,2.260
2363,222.5,2.260
2364,222.6,2.250
2365,222.6,2.260
2366,222.6,2.250
2367,222.6,2.260
2368,222.6,2.260
2369,222.7,2.260
2370,222.7,2.260
2371,222.7,2.260
2372,222.7,2.260
2373,222.8,2.260
2374,222.8,2.260
2375,222.8,2.250
2376,222.8,2.260
2377,222.9,2.260
2378,222.9,2.260
2379,222.9,2.250
2380,222.9,2.260
2381,222.9,2.250
2382,223.0,2.260
2383,223.0,2.260
2384,223.0,2.260
2385,223.0,2.250
2386,223.1,2.260
2387,223.1,2.260
2388,223.1,2.260
2389,223.1,2.260
2390,223.2,2.250
2391,223.2,2.260
2392,223.2,2.250
2393,223.2,2.260
2394,223.3,2.250
2395,223.3,2.260
2396,223.3,2.260
2397,223.3,2.260
2398,223.3,2.260
2399,223.4,2.250
2400,223.4,2.260
2401,223.4,2.250
2402,223.4,2.260
2403,223.5,2.250
2404,223.5,2.260
2405,223.5,2.250
2406,223.5,2.260
2407,223.6,2.260
2408,223.6,2.250
2409,223.6,2.260
2410,223.6,2.250
2411,223.6,2.260
2412,223.7,2.250
2413,223.7,2.260
2414,223.7,2.250
2415,223.7,2.260
2416,223.8,2.250
2417,223.8,2.250
2418,223.8,2.250
2419,223.8,2.250
2420,223.9,2.260
2421,223.9,2.250
2422,223.9,2.260
2423,223.9,2.250
2424,224.0,2.260
2425,224.0,2.250
2426,224.0,2.250
2427,224.0,2.250
2428,224.0,2.250
2429,224.1,2.260
2430,224.1,2.250
2431,224.1,2.250
2432,224.1,2.250
2433,224.2,2.260
2434,224.2,2.250
2435,224.2,2.250
2436,224.2,2.260
2437,224.3,2.250
2438,224.3,2.260
2439,224.3,2.250
2440,224.3,2.260
2441,224.3,2.250
2442,224.4,2.250
2443,224.4,2.260
2444,224.4,2.250
2445,224.4,2.260
2446,224.5,2.250
2447,224.5,2.260
2448,224.5,2.250
2449,224.5,2.250
2450,224.5,2.250
2451,224.6,2.260
2452,224.6,2.250
2453,224.6,2.260
2454,224.6,2.250
2455,224.7,2.250
2456,224.7,2.250
2457,224.7,2.250
2458,224.7,2.250
2459,224.7,2.260
2460,224.8,2.250
2461,224.8,2.250
2462,224.8,2.250
2463,224.8,2.250
2464,224.9,2.250
2465,224.9,2.250
2466,224.9,2.250
2467,224.9,2.250
2468,225.0,2.250
2469,225.0,2.250
2470,225.0,2.250
2471,225.0,2.250
2472,225.0,2.260
2473,225.1,2.240
2474,225.1,2.250
2475,225.1,2.250
2476,225.1,2.250
2477,225.1,2.250
2478,225.2,2.250
2479,225.2,2.250
2480,225.2,2.250
2481,225.2,2.250
2482,225.3,2.250
2483,225.3,2.250
2484,225.3,2.240
2485,225.3,2.250
2486,225.3,2.240
2487,225.4,2.250
2488,225.4,2.250
2489,225.4,2.250
2490,225.4,2.250
2491,225.5,2.250
2492,225.5,2.250
2493,225.5,2.240
2494,225.5,2.250
2495,225.6,2.240
2496,225.6,2.250
2497,225.6,2.240
2498,225.6,2.250
2499,225.6,2.240
2500,225.7,2.250
2501,225.7,2.250
2502,225.7,2.250
2503,225.7,2.250
2504,225.7,2.240
2505,225.8,2.250
2506,225.8,2.240
2507,225.8,2.250
2508,225.8,2.240
2509,225.8,2.250
2510,225.9,2.240
2511,225.9,2.250
2512,225.9,2.240
2513,225.9,2.250
2514,226.0,2.250
2515,226.0,2.240
2516,226.0,2.250
2517,226.0,2.240
2518,226.0,2.250
2519,226.1,2.240
2520,226.1,2.250
2521,226.1,2.240
2522,226.1,2.250
2523,226.1,2.240
2524,226.2,2.250
2525,226.2,2.240
2526,226.2,2.250
2527,226.2,2.240
2528,226.2,2.240
2529,226.3,2.240
2530,226.3,2.240
2531,226.3,2.250
2532,226.3,2.240
2533,226.3,2.250
2534,226.4,2.240
2535,226.4,2.250
2536,226.4,2.240
2537,226.4,2.240
2538,226.5,2.250
2539,226.5,2.240
2540,226.5,2.250
2541,226.5,2.240
2542,226.6,2.240
2543,226.6,2.240
2544,226.6,2.240
2545,226.6,2.240
2546,226.6,2.240
2547,226.7,2.240
2548,226.7,2.240
2549,226.7,2.250
2550,226.7,2.240
2551,226.7,2.240
2552,226.8,2.240
2553,226.8,2.240
2554,226.8,2.240
2555,226.8,2.240
2556,226.8,2.250
2557,226.9,2.240
2558,226.9,2.250
2559,226.9,2.240
2560,226.9,2.240
2561,226.9,2.240
2562,226.9,2.240
2563,227.0,2.250
2564,227.0,2.240
2565,227.0,2.240
2566,227.0,2.240
2567,227.1,2.240
2568,227.1,2.240
2569,227.1,2.240
2570,227.1,2.240
2571,227.1,2.240
2572,227.2,2.240
2573,227.2,2.240
2574,227.2,2.240
2575,227.2,2.240
2576,227.2,2.240
2577,227.3,2.240
2578,227.3,2.240
2579,227.3,2.240
2580,227.3,2.240
2581,227.4,2.240
2582,227.4,2.240
2583,227.4,2.240
2584,227.4,2.240
2585,227.4,2.240
2586,227.4,2.240
2587,227.5,2.240
2588,227.5,2.230
2589,227.5,2.240
2590,227.5,2.240
2591,227.6,2.240
2592,227.6,2.230
2593,227.6,2.240
2594,227.6,2.230
2595,227.6,2.240
2596,227.6,2.230
2597,227.7,2.240
2598,227.7,2.230
2599,227.7,2.240
2600,227.7,2.240
2601,227.8,2.240
2602,227.8,2.240
2603,227.8,2.240
2604,227.8,2.240
2605,227.9,2.240
2606,227.9,2.240
2607,227.9,2.240
2608,227.9,2.240
2609,227.9,2.230
2610,227.9,2.240
2611,228.0,2.230
2612,228.0,2.240
2613,228.0,2.230
2614,228.0,2.240
2615,228.0,2.230
2616,228.0,2.240
2617,228.1,2.230
2618,228.1,2.240
2619,228.1,2.230
2620,228.1,2.240
2621,228.2,2.230
2622,228.2,2.240
2623,228.2,2.230
2624,228.2,2.230
2625,228.2,2.240
2626,228.3,2.240
2627,228.3,2.240
2628,228.3,2.230
2629,228.3,2.240
2630,228.3,2.230
2631,228.4,2.240
2632,228.4,2.230
2633,228.4,2.240
2634,228.4,2.230
2635,228.4,2.240
2636,228.4,2.230
2637,228.5,2.230
2638,228.5,2.240
2639,228.5,2.230
2640,228.5,2.240
2641,228.5,2.230
2642,228.5,2.240
2643,228.6,2.230
2644,228.6,2.240
2645,228.6,2.230
2646,228.6,2.240
2647,228.7,2.230
2648,228.7,2.240
2649,228.7,2.230
2650,228.7,2.230
2651,228.7,2.230
2652,228.7,2.230
2653,228.7,2.240
2654,228.8,2.230
2655,228.8,2.240
2656,228.8,2.230
2657,228.8,2.240
2658,228.9,2.230
2659,228.9,2.240
2660,228.9,2.230
2661,228.9,2.230
2662,228.9,2.230
2663,229.0,2.230
2664,229.0,2.230
2665,229.0,2.230
2666,229.0,2.230
2667,229.0,2.220
2668,229.0,2.230
2669,229.1,2.230
2670,229.1,2.230
2671,229.1,2.230
2672,229.1,2.230
2673,229.1,2.230
2674,229.2,2.230
2675,229.2,2.230
2676,229.2,2.230
2677,229.2,2.240
2678,229.2,2.230
2679,229.3,2.230
2680,229.3,2.230
2681,229.3,2.230
2682,229.3,2.230
2683,229.3,2.230
2684,229.3,2.230
2685,229.4,2.230
2686,229.4,2.230
2687,229.4,2.220
2688,229.4,2.230
2689,229.5,2.220
2690,229.5,2.230
2691,229.5,2.230
2692,229.5,2.230
2693,229.5,2.230
2694,229.5,2.230
2695,229.6,2.230
2696,229.6,2.220
2697,229.6,2.230
2698,229.6,2.230
2699,229.6,2.230
2700,229.6,2.230
2701,229.7,2.220
2702,229.7,2.240
2703,229.7,2.220
2704,229.7,2.230
2705,229.7,2.230
2706,229.8,2.220
2707,229.8,2.230
2708,229.8,2.220
2709,229.8,2.230
2710,229.8,2.220
2711,229.8,2.230
2712,229.9,2.220
2713,229.9,2.230
2714,229.9,2.220
2715,229.9,2.230
2716,229.9,2.220
2717,229.9,2.230
2718,230.0,2.220
2719,230.0,2.230
2720,230.0,2.220
2721,230.0,2.230
2722,230.0,2.220
2723,230.1,2.220
2724,230.1,2.220
2725,230.1,2.220
2726,230.1,2.230
2727,230.1,2.220
2728,230.2,2.230
2729,230.2,2.220
2730,230.2,2.230
2731,230.2,2.220
2732,230.2,2.230
2733,230.2,2.220
2734,230.3,2.220
2735,230.3,2.220
2736,230.3,2.220
2737,230.3,2.220
2738,230.3,2.220
2739,230.4,2.230
2740,230.4,2.220
2741,230.4,2.230
2742,230.4,2.220
2743,230.4,2.230
2744,230.4,2.220
2745,230.5,2.230
2746,230.5,2.220
2747,230.5,2.220
2748,230.5,2.220
2749,230.5,2.220
2750,230.6,2.220
2751,230.6,2.220
2752,230.6,2.230
2753,230.6,2.210
2754,230.6,2.230
2755,230.6,2.220
2756,230.7,2.220
2757,230.7,2.220
2758,230.7,2.220
2759,230.7,2.220
2760,230.7,2.220
2761,230.8,2.220
2762,230.8,2.220
2763,230.8,2.230
2764,230.8,2.220
2765,230.8,2.220
2766,230.8,2.220
2767,230.9,2.220
2768,230.9,2.220
2769,230.9,2.220
2770,230.9,2.220
2771,230.9,2.220
2772,230.9,2.220
2773,230.9,2.220
2774,231.0,2.220
2775,231.0,2.210
2776,231.0,2.220
2777,231.0,2.220
2778,231.0,2.220
2779,231.1,2.220
2780,231.1,2.220
2781,231.1,2.220
2782,231.1,2.220
2783,231.1,2.220
2784,231.1,2.220
2785,231.2,2.220
2786,231.2,2.220
2787,231.2,2.220
2788,231.2,2.220
2789,231.2,2.220
2790,231.2,2.220
2791,231.3,2.210
2792,231.3,2.220
2793,231.3,2.210
2794,231.3,2.220
2795,231.3,2.210
2796,231.4,2.220
2797,231.4,2.220
2798,231.4,2.210
2799,231.4,2.220
2800,231.4,2.210
2801,231.4,2.220
2802,231.5,2.210
2803,231.5,2.220
2804,231.5,2.220
2805,231.5,2.220
2806,231.5,2.220
2807,231.6,2.210
2808,231.6,2.220
2809,231.6,2.210
2810,231.6,2.220
2811,231.6,2.210
2812,231.6,2.220
2813,231.6,2.220
2814,231.7,2.220
2815,231.7,2.220
2816,231.7,2.210
2817,231.7,2.220
2818,231.7,2.210
2819,231.7,2.220
2820,231.8,2.220
2821,231.8,2.210
2822,231.8,2.220
2823,231.8,2.210
2824,231.8,2.220
2825,231.9,2.210
2826,231.9,2.220
2827,231.9,2.220
2828,231.9,2.210
2829,231.9,2.220
2830,231.9,2.210
2831,232.0,2.220
2832,232.0,2.210
2833,232.0,2.210
2834,232.0,2.220
2835,232.0,2.210
2836,232.0,2.220
2837,232.1,2.210
2838,232.1,2.220
2839,232.1,2.210
2840,232.1,2.220
2841,232.1,2.210
2842,232.1,2.220
2843,232.1,2.210
2844,232.2,2.210
2845,232.2,2.210
2846,232.2,2.210
2847,232.2,2.220
2848,232.2,2.210
2849,232.2,2.210
2850,232.3,2.210
2851,232.3,2.210
2852,232.3,2.210
2853,232.3,2.210
2854,232.3,2.210
2855,232.3,2.210
2856,232.4,2.210
2857,232.4,2.210
2858,232.4,2.210
2859,232.4,2.210
2860,232.4,2.220
2861,232.4,2.210
2862,232.5,2.210
2863,232.5,2.210
2864,232.5,2.210
2865,232.5,2.210
2866,232.5,2.210
2867,232.5,2.210
2868,232.6,2.210
2869,232.6,2.210
2870,232.6,2.200
2871,232.6,2.210
2872,232.6,2.200
2873,232.6,2.210
2874,232.7,2.210
2875,232.7,2.210
2876,232.7,2.210
2877,232.7,2.210
2878,232.7,2.210
2879,232.7,2.210
2880,232.8,2.210
2881,232.8,2.210
2882,232.8,2.210
2883,232.8,2.200
2884,232.8,2.210
2885,232.8,2.200
2886,232.8,2.210
2887,232.9,2.200
2888,232.9,2.210
2889,232.9,2.200
2890,232.9,2.210
2891,232.9,2.210
2892,232.9,2.210
2893,233.0,2.210
2894,233.0,2.200
2895,233.0,2.210
2896,233.0,2.200
2897,233.0,2.210
2898,233.0,2.200
2899,233.1,2.210
2900,233.1,2.210
2901,233.1,2.210
2902,233.1,2.210
2903,233.1,2.200
2904,233.1,2.210
2905,233.1,2.200
2906,233.2,2.210
2907,233.2,2.210
2908,233.2,2.200
2909,233.2,2.210
2910,233.2,2.200
2911,233.2,2.210
2912,233.2,2.200
2913,233.3,2.210
2914,233.3,2.200
2915,233.3,2.210
2916,233.3,2.200
2917,233.3,2.200
2918,233.3,2.210
2919,233.4,2.200
2920,233.4,2.210
2921,233.4,2.200
2922,233.4,2.210
2923,233.4,2.200
2924,233.4,2.210
2925,233.4,2.210
2926,233.5,2.200
2927,233.5,2.210
2928,233.5,2.200
2929,233.5,2.210
2930,233.5,2.200
2931,233.5,2.210
2932,233.5,2.200
2933,233.6,2.200
2934,233.6,2.200
2935,233.6,2.200
2936,233.6,2.210
2937,233.6,2.200
2938,233.6,2.210
2939,233.7,2.200
2940,233.7,2.210
2941,233.7,2.200
2942,233.7,2.200
2943,233.7,2.200
2944,233.7,2.200
2945,233.8,2.200
2946,233.8,2.200
2947,233.8,2.210
2948,233.8,2.200
2949,233.8,2.200
2950,233.8,2.200
2951,233.9,2.200
2952,233.9,2.200
2953,233.9,2.200
2954,233.9,2.200
2955,233.9,2.200
2956,233.9,2.210
2957,233.9,2.200
2958,234.0,2.200
2959,234.0,2.200
2960,234.0,2.200
2961,234.0,2.200
2962,234.0,2.200
2963,234.0,2.200
2964,234.0,2.200
2965,234.0,2.200
2966,234.1,2.200
2967,234.1,2.200
2968,234.1,2.200
2969,234.1,2.200
2970,234.1,2.200
2971,234.2,2.200
2972,234.2,2.200
2973,234.2,2.200
2974,234.2,2.200
2975,234.2,2.200
2976,234.2,2.200
2977,234.2,2.200
2978,234.3,2.190
2979,234.3,2.200
2980,234.3,2.200
2981,234.3,2.200
2982,234.3,2.190
2983,234.3,2.200
2984,234.3,2.200
2985,234.4,2.200
2986,234.4,2.200
2987,234.4,2.200
2988,234.4,2.200
2989,234.4,2.190
2990,234.4,2.200
2991,234.5,2.190
2992,234.5,2.200
2993,234.5,2.200
2994,234.5,2.190
2995,234.5,2.200
2996,234.5,2.190
2997,234.5,2.200
2998,234.6,2.190
2999,234.6,2.200
3000,234.6,2.190
3001,234.6,2.190
3002,234.6,2.200
3003,234.6,2.190
3004,234.6,2.200
3005,234.7,2.190
3006,234.7,2.200
3007,234.7,2.190
3008,234.7,2.190
3009,234.7,2.200
3010,234.7,2.190
3011,234.8,2.200
3012,234.8,2.190
3013,234.8,2.200
3014,234.8,2.190
3015,234.8,2.190
3016,234.8,2.200
3017,234.8,2.190
3018,234.8,2.200
3019,234.8,2.190
3020,234.9,2.190
3021,234.9,2.200
3022,234.9,2.190
3023,234.9,2.190
3024,234.9,2.190
3025,234.9,2.200
3026,234.9,2.190
3027,235.0,2.190
3028,235.0,2.190
3029,235.0,2.190
3030,235.0,2.200
3031,235.0,2.190
3032,235.0,2.190
3033,235.1,2.200
3034,235.1,2.190
3035,235.1,2.190
3036,235.1,2.190
3037,235.1,2.190
3038,235.1,2.190
3039,235.1,2.190
3040,235.2,2.190
3041,235.2,2.190
3042,235.2,2.190
3043,235.2,2.190
3044,235.2,2.190
3045,235.2,2.190
3046,235.2,2.190
3047,235.2,2.190
3048,235.3,2.190
3049,235.3,2.190
3050,235.3,2.180
3051,235.3,2.190
3052,235.3,2.190
3053,235.3,2.190
3054,235.3,2.190
3055,235.4,2.190
3056,235.4,2.190
3057,235.4,2.180
3058,235.4,2.190
3059,235.4,2.190
3060,235.4,2.190
3061,235.4,2.190
3062,235.4,2.190
3063,235.5,2.190
3064,235.5,2.180
3065,235.5,2.190
3066,235.5,2.190
3067,235.5,2.190
3068,235.5,2.190
3069,235.6,2.180
3070,235.6,2.190
3071,235.6,2.180
3072,235.6,2.190
3073,235.6,2.190
3074,235.6,2.180
3075,235.6,2.190
3076,235.6,2.180
3077,235.7,2.190
3078,235.7,2.190
3079,235.7,2.190
3080,235.7,2.190
3081,235.7,2.180
3082,235.7,2.190
3083,235.7,2.190
3084,235.8,2.180
3085,235.8,2.190
3086,235.8,2.180
3087,235.8,2.190
3088,235.8,2.180
3089,235.8,2.180
3090,235.8,2.190
3091,235.9,2.180
3092,235.9,2.190
3093,235.9,2.190
3094,235.9,2.180
3095,235.9,2.190
3096,235.9,2.180
3097,235.9,2.190
3098,235.9,2.180
3099,235.9,2.180
3100,235.9,2.190
3101,236.0,2.180
3102,236.0,2.180
3103,236.0,2.190
3104,236.0,2.180
3105,236.0,2.180
3106,236.0,2.190
3107,236.0,2.180
3108,236.1,2.180
3109,236.1,2.190
3110,236.1,2.180
3111,236.1,2.180
3112,236.1,2.190
3113,236.1,2.180
3114,236.1,2.180
3115,236.2,2.180
3116,236.2,2.180
3117,236.2,2.180
3118,236.2,2.180
3119,236.2,2.180
3120,236.2,2.180
3121,236.2,2.180
3122,236.2,2.180
3123,236.3,2.180
3124,236.3,2.180
3125,236.3,2.180
3126,236.3,2.180
3127,236.3,2.180
3128,236.3,2.180
3129,236.3,2.180
3130,236.4,2.180
3131,236.4,2.180
3132,236.4,2.170
3133,236.4,2.180
3134,236.4,2.180
3135,236.4,2.180
3136,236.4,2.180
3137,236.4,2.180
3138,236.4,2.180
3139,236.5,2.180
3140,236.5,2.180
3141,236.5,2.170
3142,236.5,2.180
3143,236.5,2.180
3144,236.5,2.180
3145,236.5,2.180
3146,236.5,2.180
3147,236.6,2.170
3148,236.6,2.180
3149,236.6,2.180
3150,236.6,2.180
3151,236.6,2.170
3152,236.6,2.180
3153,236.6,2.180
3154,236.6,2.170
3155,236.7,2.180
3156,236.7,2.180
3157,236.7,2.170
3158,236.7,2.180
3159,236.7,2.180
3160,236.7,2.170
3161,236.7,2.180
3162,236.8,2.180
3163,236.8,2.170
3164,236.8,2.170
3165,236.8,2.180
3166,236.8,2.170
3167,236.8,2.180
3168,236.8,2.180
3169,236.8,2.170
3170,236.8,2.170
3171,236.8,2.180
3172,236.9,2.170
3173,236.9,2.170
3174,236.9,2.180
3175,236.9,2.170
3176,236.9,2.170
3177,236.9,2.190
3178,237.0,2.170
3179,237.0,2.170
3180,237.0,2.180
3181,237.0,2.180
3182,237.0,2.170
3183,237.0,2.180
3184,237.0,2.180
3185,237.0,2.180
3186,237.1,2.170
3187,237.1,2.180
3188,237.1,2.170
3189,237.1,2.170
3190,237.1,2.180
3191,237.1,2.170
3192,237.1,2.170
3193,237.1,2.180
3194,237.2,2.180
3195,237.2,2.170
3196,237.2,2.170
3197,237.2,2.180
3198,237.2,2.180
3199,237.2,2.170
3200,237.2,2.180
3201,237.2,2.180
3202,237.2,2.170
3203,237.3,2.170
3204,237.3,2.180
3205,237.3,2.170
3206,237.3,2.170
3207,237.3,2.180
3208,237.3,2.170
3209,237.3,2.170
3210,237.3,2.170
3211,237.3,2.170
3212,237.4,2.170
3213,237.4,2.170
3214,237.4,2.180
3215,237.4,2.170
3216,237.4,2.170
3217,237.4,2.170
3218,237.4,2.170
3219,237.5,2.170
3220,237.5,2.170
3221,237.5,2.170
3222,237.5,2.170
3223,237.5,2.170
3224,237.5,2.170
3225,237.5,2.180
3226,237.5,2.170
3227,237.5,2.160
3228,237.6,2.170
3229,237.6,2.180
3230,237.6,2.170
3231,237.6,2.170
3232,237.6,2.170
3233,237.6,2.170
3234,237.6,2.160
3235,237.6,2.170
3236,237.7,2.170
3237,237.7,2.160
3238,237.7,2.170
3239,237.7,2.170
3240,237.7,2.160
3241,237.7,2.170
3242,237.7,2.180
3243,237.7,2.160
3244,237.8,2.170
3245,237.8,2.170
3246,237.8,2.160
3247,237.8,2.160
3248,237.8,2.170
3249,237.8,2.160
3250,237.8,2.160
3251,237.8,2.170
3252,237.8,2.170
3253,237.9,2.160
3254,237.9,2.170
3255,237.9,2.170
3256,237.9,2.160
3257,237.9,2.170
3258,237.9,2.170
3259,237.9,2.160
3260,237.9,2.160
3261,238.0,2.170
3262,238.0,2.170
3263,238.0,2.160
3264,238.0,2.160
3265,238.0,2.170
3266,238.0,2.160
3267,238.0,2.160
3268,238.0,2.170
3269,238.0,2.160
3270,238.1,2.160
3271,238.1,2.170
3272,238.1,2.160
3273,238.1,2.160
3274,238.1,2.170
3275,238.1,2.160
3276,238.1,2.160
3277,238.1,2.170
3278,238.1,2.170
3279,238.1,2.160
3280,238.2,2.160
3281,238.2,2.170
3282,238.2,2.160
3283,238.2,2.160
3284,238.2,2.170
3285,238.2,2.170
3286,238.2,2.160
3287,238.2,2.160
3288,238.3,2.170
3289,238.3,2.160
3290,238.3,2.160
3291,238.3,2.160
3292,238.3,2.170
3293,238.3,2.160
3294,238.3,2.160
3295,238.3,2.170
3296,238.3,2.170
3297,238.4,2.160
3298,238.4,2.160
3299,238.4,2.170
3300,238.4,2.160
3301,238.4,2.160
3302,238.4,2.170
3303,238.4,2.160
3304,238.4,2.160
3305,238.4,2.170
3306,238.5,2.160
3307,238.5,2.160
3308,238.5,2.160
3309,238.5,2.160
3310,238.5,2.160
3311,238.5,2.160
3312,238.5,2.160
3313,238.5,2.160
3314,238.5,2.160
3315,238.6,2.160
3316,238.6,2.160
3317,238.6,2.150
3318,238.6,2.160
3319,238.6,2.160
3320,238.6,2.160
3321,238.6,2.150
3322,238.6,2.160
3323,238.6,2.160
3324,238.7,2.160
3325,238.7,2.160
3326,238.7,2.160
3327,238.7,2.160
3328,238.7,2.150
3329,238.7,2.150
3330,238.7,2.160
3331,238.7,2.160
3332,238.7,2.150
3333,238.8,2.160
3334,238.8,2.160
3335,238.8,2.150
3336,238.8,2.160
3337,238.8,2.160
3338,238.8,2.160
3339,238.8,2.150
3340,238.8,2.160
3341,238.8,2.160
3342,238.8,2.150
3343,238.9,2.150
3344,238.9,2.160
3345,238.9,2.160
3346,238.9,2.150
3347,238.9,2.160
3348,238.9,2.160
3349,238.9,2.150
3350,238.9,2.150
3351,238.9,2.160
3352,239.0,2.160
3353,239.0,2.160
3354,239.0,2.160
3355,239.0,2.160
3356,239.0,2.160
3357,239.0,2.150
3358,239.0,2.150
3359,239.0,2.160
3360,239.0,2.150
3361,239.0,2.150
3362,239.1,2.160
3363,239.1,2.160
3364,239.1,2.150
3365,239.1,2.160
3366,239.1,2.160
3367,239.1,2.150
3368,239.1,2.160
3369,239.1,2.150
3370,239.1,2.150
3371,239.2,2.160
3372,239.2,2.150
3373,239.2,2.150
3374,239.2,2.150
3375,239.2,2.160
3376,239.2,2.150
3377,239.2,2.150
3378,239.2,2.160
3379,239.2,2.150
3380,239.2,2.150
3381,239.3,2.160
3382,239.3,2.150
3383,239.3,2.150
3384,239.3,2.160
3385,239.3,2.150
3386,239.3,2.150
3387,239.3,2.150
3388,239.3,2.150
3389,239.3,2.150
3390,239.3,2.150
3391,239.4,2.150
3392,239.4,2.150
3393,239.4,2.150
3394,239.4,2.160
3395,239.4,2.150
3396,239.4,2.150
3397,239.4,2.160
3398,239.4,2.150
3399,239.4,2.140
3400,239.5,2.150
3401,239.5,2.150
3402,239.5,2.140
3403,239.5,2.150
3404,239.5,2.150
3405,239.5,2.140
3406,239.5,2.150
3407,239.5,2.150
3408,239.5,2.150
3409,239.5,2.140
3410,239.6,2.150
3411,239.6,2.150
3412,239.6,2.140
3413,239.6,2.150
3414,239.6,2.150
3415,239.6,2.150
3416,239.6,2.140
3417,239.6,2.150
3418,239.6,2.150
3419,239.7,2.140
3420,239.7,2.150
3421,239.7,2.150
3422,239.7,2.150
3423,239.7,2.140
3424,239.7,2.150
3425,239.7,2.150
3426,239.7,2.140
3427,239.7,2.140
3428,239.7,2.150
3429,239.7,2.140
3430,239.8,2.140
3431,239.8,2.150
3432,239.8,2.150
3433,239.8,2.140
3434,239.8,2.150
3435,239.8,2.150
3436,239.8,2.140
3437,239.8,2.150
3438,239.8,2.150
3439,239.8,2.140
3440,239.9,2.140
3441,239.9,2.150
3442,239.9,2.150
3443,239.9,2.140
3444,239.9,2.140
3445,239.9,2.150
3446,239.9,2.140
3447,239.9,2.140
3448,239.9,2.150
3449,240.0,2.140
3450,240.0,2.140
3451,240.0,2.150
3452,240.0,2.150
3453,240.0,2.140
3454,240.0,2.140
3455,240.0,2.150
3456,240.0,2.150
3457,240.0,2.140
3458,240.0,2.140
3459,240.0,2.150
3460,240.1,2.140
3461,240.1,2.140
3462,240.1,2.150
3463,240.1,2.150
3464,240.1,2.140
3465,240.1,2.150
3466,240.1,2.150
3467,240.1,2.140
3468,240.1,2.140
3469,240.1,2.150
3470,240.1,2.140
3471,240.2,2.140
3472,240.2,2.140
3473,240.2,2.150
3474,240.2,2.140
3475,240.2,2.140
3476,240.2,2.140
3477,240.2,2.150
3478,240.2,2.140
3479,240.2,2.140
3480,240.2,2.140
3481,240.2,2.150
3482,240.3,2.140
3483,240.3,2.140
3484,240.3,2.150
3485,240.3,2.140
3486,240.3,2.140
3487,240.3,2.140
3488,240.3,2.150
3489,240.3,2.140
3490,240.3,2.130
3491,240.3,2.140
3492,240.3,2.150
3493,240.4,2.140
3494,240.4,2.130
3495,240.4,2.140
3496,240.4,2.140
3497,240.4,2.130
3498,240.4,2.140
3499,240.4,2.140
3500,240.4,2.140
3501,240.4,2.140
3502,240.4,2.150
3503,240.4,2.140
3504,240.5,2.130
3505,240.5,2.140
3506,240.5,2.140
3507,240.5,2.130
3508,240.5,2.140
3509,240.5,2.140
3510,240.5,2.140
3511,240.5,2.130
3512,240.5,2.140
3513,240.6,2.140
3514,240.6,2.130
3515,240.6,2.140
3516,240.6,2.140
3517,240.6,2.140
3518,240.6,2.130
3519,240.6,2.140
3520,240.6,2.140
3521,240.6,2.130
3522,240.6,2.130
3523,240.7,2.140
3524,240.7,2.140
3525,240.7,2.130
3526,240.7,2.130
3527,240.7,2.140
3528,240.7,2.130
3529,240.7,2.130
3530,240.7,2.140
3531,240.7,2.140
3532,240.7,2.130
3533,240.7,2.130
3534,240.8,2.140
3535,240.8,2.140
3536,240.8,2.130
3537,240.8,2.140
3538,240.8,2.140
3539,240.8,2.130
3540,240.8,2.140
3541,240.8,2.140
3542,240.8,2.140
3543,240.8,2.130
3544,240.8,2.140
3545,240.9,2.140
3546,240.9,2.130
3547,240.9,2.130
3548,240.9,2.140
3549,240.9,2.140
3550,240.9,2.130
3551,240.9,2.130
3552,240.9,2.140
3553,240.9,2.130
3554,240.9,2.130
3555,240.9,2.130
3556,240.9,2.140
3557,241.0,2.130
3558,241.0,2.130
3559,241.0,2.140
3560,241.0,2.140
3561,241.0,2.130
3562,241.0,2.130
3563,241.0,2.140
3564,241.0,2.130
3565,241.0,2.130
3566,241.0,2.140
3567,241.0,2.140
3568,241.0,2.130
3569,241.0,2.140
3570,241.1,2.140
3571,241.1,2.130
3572,241.1,2.130
3573,241.1,2.140
3574,241.1,2.140
3575,241.1,2.130
3576,241.1,2.130
3577,241.1,2.140
3578,241.1,2.130
3579,241.2,2.130
3580,241.2,2.130
3581,241.2,2.130
3582,241.2,2.130
3583,241.2,2.130
3584,241.2,2.140
3585,241.2,2.130
3586,241.2,2.130
3587,241.2,2.130
3588,241.2,2.140
3589,241.2,2.130
3590,241.3,2.120
3591,241.3,2.130
3592,241.3,2.130
3593,241.3,2.130
3594,241.3,2.120
3595,241.3,2.130
3596,241.3,2.130
3597,241.3,2.120
3598,241.3,2.130
3599,241.3,2.130
3600,241.3,2.120
3601,241.3,2.130
3602,241.3,2.130
3603,241.4,2.130
3604,241.4,2.120
3605,241.4,2.130
3606,241.4,2.130
3607,241.4,2.130
3608,241.4,2.120
3609,241.4,2.130
3610,241.4,2.130
3611,241.4,2.130
3612,241.5,2.120
3613,241.5,2.130
3614,241.5,2.130
3615,241.5,2.130
3616,241.5,2.120
3617,241.5,2.130
3618,241.5,2.130
3619,241.5,2.120
3620,241.5,2.120
3621,241.5,2.130
3622,241.5,2.130
3623,241.5,2.130
3624,241.6,2.120
3625,241.6,2.130
3626,241.6,2.130
3627,241.6,2.120
3628,241.6,2.130
3629,241.6,2.130
3630,241.6,2.120
3631,241.6,2.130
3632,241.6,2.130
3633,241.6,2.120
3634,241.6,2.130
3635,241.6,2.130
3636,241.6,2.120
3637,241.7,2.120
3638,241.7,2.130
3639,241.7,2.120
3640,241.7,2.120
3641,241.7,2.130
3642,241.7,2.120
3643,241.7,2.120
3644,241.7,2.130
3645,241.7,2.120
3646,241.7,2.120
3647,241.7,2.130
3648,241.8,2.130
3649,241.8,2.120
3650,241.8,2.120
3651,241.8,2.130
3652,241.8,2.120
3653,241.8,2.120
3654,241.8,2.120
3655,241.8,2.130
3656,241.8,2.120
3657,241.8,2.120
3658,241.8,2.120
3659,241.9,2.120
3660,241.9,2.120
3661,241.9,2.130
3662,241.9,2.120
3663,241.9,2.120
3664,241.9,2.130
3665,241.9,2.130
3666,241.9,2.120
3667,241.9,2.120
3668,241.9,2.130
3669,241.9,2.120
3670,241.9,2.120
3671,242.0,2.130
3672,242.0,2.120
3673,242.0,2.120
3674,242.0,2.120
3675,242.0,2.120
3676,242.0,2.120
3677,242.0,2.120
3678,242.0,2.120
3679,242.0,2.120
3680,242.0,2.110
3681,242.0,2.120
3682,242.0,2.120
3683,242.0,2.120
3684,242.1,2.120
3685,242.1,2.130
3686,242.1,2.120
3687,242.1,2.110
3688,242.1,2.120
3689,242.1,2.120
3690,242.1,2.120
3691,242.1,2.110
3692,242.1,2.120
3693,242.1,2.120
3694,242.1,2.110
3695,242.1,2.120
3696,242.2,2.120
3697,242.2,2.110
3698,242.2,2.120
3699,242.2,2.120
3700,242.2,2.120
3701,242.2,2.110
3702,242.2,2.120
3703,242.2,2.120
3704,242.2,2.110
3705,242.2,2.110
3706,242.2,2.120
3707,242.2,2.120
3708,242.2,2.110
3709,242.3,2.120
3710,242.3,2.120
3711,242.3,2.110
3712,242.3,2.120
3713,242.3,2.120
3714,242.3,2.120
3715,242.3,2.110
3716,242.3,2.120
3717,242.3,2.120
3718,242.3,2.110
3719,242.3,2.110
3720,242.3,2.120
3721,242.3,2.120
3722,242.4,2.110
3723,242.4,2.120
3724,242.4,2.120
3725,242.4,2.110
3726,242.4,2.110
3727,242.4,2.120
3728,242.4,2.120
3729,242.4,2.110
3730,242.4,2.110
3731,242.4,2.120
3732,242.4,2.120
3733,242.4,2.110
3734,242.5,2.110
3735,242.5,2.120
3736,242.5,2.110
3737,242.5,2.110
3738,242.5,2.110
3739,242.5,2.120
3740,242.5,2.110
3741,242.5,2.110
3742,242.5,2.120
3743,242.5,2.110
3744,242.5,2.110
3745,242.5,2.120
3746,242.5,2.120
3747,242.5,2.110
3748,242.5,2.110
3749,242.5,2.120
3750,242.6,2.110
3751,242.6,2.110
3752,242.6,2.110
3753,242.6,2.120
3754,242.6,2.110
3755,242.6,2.110
3756,242.6,2.110
3757,242.6,2.120
3758,242.6,2.110
3759,242.6,2.120
3760,242.6,2.110
3761,242.7,2.110
3762,242.7,2.110
3763,242.7,2.120
3764,242.7,2.110
3765,242.7,2.110
3766,242.7,2.120
3767,242.7,2.110
3768,242.7,2.100
3769,242.7,2.110
3770,242.7,2.120
3771,242.7,2.110
3772,242.8,2.110
3773,242.8,2.110
3774,242.8,2.110
3775,242.8,2.100
3776,242.8,2.110
3777,242.8,2.120
3778,242.8,2.110
3779,242.8,2.110
3780,242.8,2.110
3781,242.8,2.110
3782,242.8,2.110
3783,242.8,2.110
3784,242.8,2.110
3785,242.8,2.100
3786,242.8,2.110
3787,242.9,2.110
3788,242.9,2.110
3789,242.9,2.110
3790,242.9,2.110
3791,242.9,2.110
3792,242.9,2.100
3793,242.9,2.110
3794,242.9,2.110
3795,242.9,2.110
3796,242.9,2.110
3797,242.9,2.110
3798,242.9,2.110
3799,243.0,2.100
3800,243.0,2.110
3801,243.0,2.110
3802,243.0,2.100
3803,243.0,2.100
3804,243.0,2.110
3805,243.0,2.110
3806,243.0,2.100
3807,243.0,2.100
3808,243.0,2.110
3809,243.0,2.110
3810,243.0,2.100
3811,243.1,2.110
3812,243.1,2.110
3813,243.1,2.100
3814,243.1,2.100
3815,243.1,2.110
3816,243.1,2.110
3817,243.1,2.100
3818,243.1,2.100
3819,243.1,2.110
3820,243.1,2.110
3821,243.1,2.110
3822,243.1,2.100
3823,243.1,2.110
3824,243.1,2.110
3825,243.1,2.100
3826,243.1,2.110
3827,243.1,2.110
3828,243.2,2.100
3829,243.2,2.100
3830,243.2,2.110
3831,243.2,2.110
3832,243.2,2.100
3833,243.2,2.100
3834,243.2,2.110
3835,243.2,2.100
3836,243.2,2.100
3837,243.2,2.110
3838,243.2,2.110
3839,243.2,2.100
3840,243.2,2.100
3841,243.2,2.110
3842,243.3,2.110
3843,243.3,2.100
3844,243.3,2.100
3845,243.3,2.110
3846,243.3,2.100
3847,243.3,2.100
3848,243.3,2.100
3849,243.3,2.110
3850,243.3,2.100
3851,243.3,2.100
3852,243.3,2.100
3853,243.3,2.110
3854,243.4,2.100
3855,243.3,2.100
3856,243.4,2.110
3857,243.4,2.110
3858,243.4,2.100
3859,243.4,2.100
3860,243.4,2.110
3861,243.4,2.100
3862,243.4,2.100
3863,243.4,2.100
3864,243.4,2.110
3865,243.4,2.100
3866,243.4,2.100
3867,243.4,2.100
3868,243.4,2.110
3869,243.5,2.100
3870,243.5,2.100
3871,243.5,2.100
3872,243.5,2.100
3873,243.5,2.100
3874,243.5,2.100
3875,243.5,2.100
3876,243.5,2.110
3877,243.5,2.100
3878,243.5,2.090
3879,243.5,2.100
3880,243.5,2.100
3881,243.5,2.100
3882,243.5,2.100
3883,243.6,2.090
3884,243.6,2.100
3885,243.6,2.110
3886,243.6,2.100
3887,243.6,2.090
3888,243.6,2.100
3889,243.6,2.100
3890,243.6,2.090
3891,243.6,2.100
3892,243.6,2.100
3893,243.6,2.090
3894,243.6,2.100
3895,243.6,2.100
3896,243.6,2.100
3897,243.6,2.090
3898,243.6,2.100
3899,243.7,2.100
3900,243.7,2.090
3901,243.7,2.090
3902,243.7,2.100
3903,243.7,2.100
3904,243.7,2.090
3905,243.7,2.100
3906,243.7,2.100
3907,243.7,2.090
3908,243.7,2.090
3909,243.7,2.100
3910,243.7,2.100
3911,243.7,2.090
3912,243.7,2.100
3913,243.7,2.100
3914,243.7,2.090
3915,243.7,2.090
3916,243.8,2.100
3917,243.8,2.100
3918,243.8,2.090
3919,243.8,2.090
3920,243.8,2.100
3921,243.8,2.090
3922,243.8,2.090
3923,243.8,2.100
3924,243.8,2.100
3925,243.8,2.090
3926,243.8,2.100
3927,243.8,2.100
3928,243.8,2.090
3929,243.8,2.090
3930,243.8,2.100
3931,243.8,2.100
3932,243.8,2.090
3933,243.8,2.090
3934,243.8,2.100
3935,243.9,2.100
3936,243.9,2.090
3937,243.9,2.100
3938,243.9,2.100
3939,243.9,2.090
3940,243.9,2.090
3941,243.9,2.100
3942,243.9,2.100
3943,243.9,2.090
3944,243.9,2.090
3945,243.9,2.100
3946,243.9,2.090
3947,243.9,2.090
3948,243.9,2.090
3949,243.9,2.100
3950,244.0,2.100
3951,244.0,2.090
3952,244.0,2.090
3953,244.0,2.100
3954,244.0,2.090
3955,244.0,2.090
3956,244.0,2.100
3957,244.0,2.090
3958,244.0,2.090
3959,244.0,2.100
3960,244.0,2.090
3961,244.0,2.090
3962,244.0,2.090
3963,244.0,2.090
3964,244.0,2.100
3965,244.1,2.090
3966,244.1,2.090
3967,244.1,2.090
3968,244.1,2.090
3969,244.1,2.080
3970,244.1,2.090
3971,244.1,2.100
3972,244.1,2.090
3973,244.1,2.090
3974,244.1,2.090
3975,244.1,2.090
3976,244.1,2.090
3977,244.1,2.090
3978,244.1,2.090
3979,244.1,2.090
3980,244.1,2.080
3981,244.1,2.090
3982,244.1,2.090
3983,244.2,2.090
3984,244.2,2.090
3985,244.2,2.090
3986,244.2,2.100
3987,244.2,2.090
3988,244.2,2.090
3989,244.2,2.090
3990,244.2,2.090
3991,244.2,2.080
3992,244.2,2.080
3993,244.2,2.090
3994,244.2,2.090
3995,244.2,2.080
3996,244.2,2.090
3997,244.2,2.090
3998,244.3,2.090
3999,244.3,2.080
4000,244.3,2.080
4001,244.3,2.090
4002,244.3,2.090
4003,244.3,2.090
4004,244.3,2.090
4005,244.3,2.090
4006,244.3,2.090
4007,244.3,2.080
4008,244.3,2.090
4009,244.3,2.090
4010,244.3,2.080
4011,244.3,2.080
4012,244.3,2.090
4013,244.3,2.090
4014,244.3,2.080
4015,244.3,2.080
4016,244.3,2.090
4017,244.4,2.090
4018,244.4,2.080
4019,244.4,2.080
4020,244.4,2.090
4021,244.4,2.090
4022,244.4,2.080
4023,244.4,2.080
4024,244.4,2.090
4025,244.4,2.080
4026,244.4,2.080
4027,244.4,2.090
4028,244.4,2.090
4029,244.4,2.080
4030,244.4,2.080
4031,244.4,2.090
4032,244.4,2.090
4033,244.4,2.080
4034,244.4,2.080
4035,244.5,2.090
4036,244.5,2.080
4037,244.5,2.080
4038,244.5,2.090
4039,244.5,2.090
4040,244.5,2.080
4041,244.5,2.080
4042,244.5,2.090
4043,244.5,2.090
4044,244.5,2.080
4045,244.5,2.080
4046,244.5,2.090
4047,244.5,2.080
4048,244.5,2.080
4049,244.5,2.080
4050,244.6,2.090
4051,244.6,2.080
4052,244.6,2.080
4053,244.6,2.090
4054,244.6,2.080
4055,244.6,2.080
4056,244.6,2.080
4057,244.6,2.090
4058,244.6,2.090
4059,244.6,2.080
4060,244.6,2.080
4061,244.6,2.090
4062,244.6,2.080
4063,244.6,2.080
4064,244.6,2.080
4065,244.6,2.090
4066,244.7,2.080
4067,244.7,2.080
4068,244.7,2.080
4069,244.7,2.080
4070,244.7,2.080
4071,244.7,2.080
4072,244.7,2.080
4073,244.7,2.080
4074,244.7,2.090
4075,244.7,2.080
4076,244.7,2.070
4077,244.7,2.090
4078,244.7,2.090
4079,244.7,2.080
4080,244.8,2.080
4081,244.8,2.080
4082,244.8,2.080
4083,244.8,2.080
4084,244.8,2.070
4085,244.8,2.080
4086,244.8,2.080
4087,244.8,2.080
4088,244.8,2.080
4089,244.8,2.080
4090,244.8,2.080
4091,244.8,2.070
4092,244.8,2.080
4093,244.8,2.080
4094,244.8,2.080
4095,244.8,2.070
4096,244.8,2.070
4097,244.8,2.090
4098,244.8,2.080
4099,244.8,2.070
4100,244.8,2.070
4101,244.8,2.080
4102,244.8,2.080
4103,244.9,2.080
4104,244.9,2.070
4105,244.9,2.080
4106,244.9,2.080
4107,244.9,2.080
4108,244.9,2.070
4109,244.9,2.080
4110,244.9,2.080
4111,244.9,2.080
4112,244.9,2.070
4113,244.9,2.080
4114,244.9,2.080
4115,244.9,2.080
4116,244.9,2.070
4117,244.9,2.070
4118,244.9,2.080
4119,244.9,2.080
4120,244.9,2.070
4121,244.9,2.080
4122,244.9,2.080
4123,244.9,2.080
4124,244.9,2.070
4125,244.9,2.070
4126,245.0,2.080
4127,245.0,2.080
4128,245.0,2.070
4129,245.0,2.070
4130,245.0,2.080
4131,245.0,2.080
4132,245.0,2.070
4133,245.0,2.070
4134,245.0,2.080
4135,245.0,2.080
4136,245.0,2.080
4137,245.0,2.070
4138,245.0,2.070
4139,245.0,2.080
4140,245.0,2.080
4141,245.0,2.070
4142,245.0,2.070
4143,245.0,2.080
4144,245.0,2.080
4145,245.0,2.070
4146,245.0,2.070
4147,245.0,2.070
4148,245.0,2.080
4149,245.1,2.080
4150,245.1,2.070
4151,245.1,2.080
4152,245.1,2.080
4153,245.1,2.070
4154,245.1,2.070
4155,245.1,2.080
4156,245.1,2.070
4157,245.1,2.080
4158,245.1,2.080
4159,245.1,2.080
4160,245.1,2.070
4161,245.1,2.080
4162,245.1,2.070
4163,245.1,2.070
4164,245.1,2.080
4165,245.1,2.080
4166,245.1,2.070
4167,245.1,2.070
4168,245.1,2.080
4169,245.1,2.070
4170,245.1,2.070
4171,245.1,2.080
4172,245.1,2.070
4173,245.1,2.070
4174,245.1,2.080
4175,245.1,2.080
4176,245.1,2.070
4177,245.1,2.070
4178,245.2,2.080
4179,245.2,2.070
4180,245.2,2.070
4181,245.2,2.080
4182,245.2,2.070
4183,245.2,2.070
4184,245.2,2.080
4185,245.2,2.070
4186,245.2,2.070
4187,245.2,2.080
4188,245.2,2.070
4189,245.2,2.070
4190,245.2,2.080
4191,245.2,2.070
4192,245.2,2.070
4193,245.2,2.070
4194,245.2,2.080
4195,245.2,2.070
4196,245.2,2.070
4197,245.2,2.080
4198,245.2,2.070
4199,245.2,2.070
4200,245.2,2.080
4201,245.2,2.080
4202,245.2,2.070
4203,245.2,2.070
4204,245.2,2.080
4205,245.2,2.070
4206,245.3,2.070
4207,245.3,2.070
4208,245.3,2.080
4209,245.3,2.070
4210,245.2,2.070
4211,245.2,2.080
4212,245.3,2.070
4213,245.3,2.070
4214,245.3,2.070
4215,245.3,2.080
4216,245.3,2.070
4217,245.3,2.070
4218,245.3,2.080
4219,245.3,2.070
4220,245.3,2.070
4221,245.3,2.070
4222,245.3,2.080
4223,245.3,2.070
4224,245.3,2.070
4225,245.3,2.070
4226,245.3,2.070
4227,245.3,2.070
4228,245.3,2.070
4229,245.3,2.070
4230,245.3,2.070
4231,245.3,2.070
4232,245.3,2.070
4233,245.3,2.070
4234,245.3,2.070
4235,245.3,2.070
4236,245.3,2.070
4237,245.3,2.060
4238,245.3,2.070
4239,245.3,2.070
4240,245.3,2.070
4241,245.3,2.070
4242,245.3,2.070
4243,245.3,2.070
4244,245.3,2.060
4245,245.3,2.070
4246,245.4,2.070
4247,245.3,2.070
4248,245.3,2.070
4249,245.3,2.070
4250,245.3,2.070
4251,245.4,2.060
4252,245.4,2.070
4253,245.3,2.070
4254,245.3,2.070
4255,245.4,2.060
4256,245.4,2.070
4257,245.4,2.070
4258,245.4,2.060
4259,245.4,2.070
4260,245.4,2.070
4261,245.4,2.070
4262,245.4,2.070
4263,245.4,2.070
4264,245.4,2.070
4265,245.4,2.060
4266,245.4,2.070
4267,245.4,2.070
4268,245.4,2.070
4269,245.4,2.060
4270,245.4,2.070
4271,245.4,2.070
4272,245.4,2.070
4273,245.5,2.060
4274,245.5,2.070
4275,245.5,2.070
4276,245.5,2.060
4277,245.5,2.060
4278,245.5,2.070
4279,245.5,2.070
4280,245.5,2.060
4281,245.5,2.060
4282,245.5,2.070
4283,245.5,2.070
4284,245.5,2.060
4285,245.5,2.070
4286,245.5,2.070
4287,245.5,2.060
4288,245.5,2.070
4289,245.5,2.070
4290,245.5,2.060
4291,245.5,2.070
4292,245.5,2.070
4293,245.5,2.060
4294,245.5,2.060
4295,245.5,2.070
4296,245.5,2.070
4297,245.6,2.060
4298,245.6,2.060
4299,245.6,2.070
4300,245.6,2.070
4301,245.6,2.060
4302,245.6,2.070
4303,245.6,2.070
4304,245.6,2.060
4305,245.6,2.060
4306,245.6,2.070
4307,245.6,2.070
4308,245.6,2.060
4309,245.6,2.070
4310,245.6,2.070
4311,245.6,2.060
4312,245.6,2.060
4313,245.6,2.070
4314,245.6,2.070
4315,245.6,2.060
4316,245.6,2.060
4317,245.6,2.070
4318,245.6,2.070
4319,245.6,2.060
4320,245.6,2.060
4321,245.6,2.070
4322,245.6,2.070
4323,245.6,2.060
4324,245.7,2.060
4325,245.7,2.070
4326,245.7,2.070
4327,245.7,2.060
4328,245.7,2.070
4329,245.7,2.070
4330,245.7,2.060
4331,245.7,2.060
4332,245.7,2.070
4333,245.7,2.060
4334,245.7,2.060
4335,245.7,2.060
4336,245.7,2.070
4337,245.7,2.060
4338,245.7,2.060
4339,245.7,2.070
4340,245.7,2.070
4341,245.7,2.060
4342,245.7,2.060
4343,245.7,2.070
4344,245.7,2.070
4345,245.7,2.060
4346,245.8,2.060
4347,245.8,2.070
4348,245.8,2.060
4349,245.7,2.060
4350,245.8,2.060
4351,245.8,2.070
4352,245.8,2.060
4353,245.8,2.060
4354,245.8,2.070
4355,245.8,2.060
4356,245.8,2.060
4357,245.8,2.070
4358,245.8,2.070
4359,245.8,2.060
4360,245.8,2.060
4361,245.8,2.070
4362,245.8,2.060
4363,245.8,2.060
4364,245.8,2.060
4365,245.8,2.070
4366,245.8,2.060
4367,245.8,2.060
4368,245.8,2.060
4369,245.8,2.070
4370,245.8,2.060
4371,245.8,2.050
4372,245.8,2.060
4373,245.9,2.070
4374,245.9,2.060
4375,245.9,2.050
4376,245.9,2.060
4377,245.9,2.070
4378,245.9,2.060
4379,245.9,2.060
4380,245.9,2.060
4381,245.9,2.070
4382,245.9,2.060
4383,245.9,2.060
4384,245.9,2.060
4385,245.9,2.060
4386,245.9,2.060
4387,245.9,2.060
4388,245.9,2.060
4389,245.9,2.060
4390,245.9,2.050
4391,245.9,2.060
4392,245.9,2.060
4393,245.9,2.060
4394,245.9,2.050
4395,245.9,2.060
4396,245.9,2.060
4397,245.9,2.060
4398,245.9,2.050
4399,245.9,2.060
4400,245.9,2.060
4401,245.9,2.060
4402,246.0,2.050
4403,246.0,2.060
4404,246.0,2.060
4405,246.0,2.060
4406,246.0,2.050
4407,246.0,2.060
4408,246.0,2.060
4409,246.0,2.060
4410,246.0,2.050
4411,246.0,2.060
4412,246.0,2.060
4413,246.0,2.050
4414,246.0,2.060
4415,246.0,2.060
4416,246.0,2.050
4417,246.0,2.050
4418,246.0,2.060
4419,246.0,2.060
4420,246.1,2.050
4421,246.1,2.060
4422,246.1,2.060
4423,246.0,2.050
4424,246.1,2.060
4425,246.1,2.060
4426,246.1,2.050
4427,246.1,2.050
4428,246.1,2.060
4429,246.1,2.050
4430,246.1,2.050
4431,246.1,2.060
4432,246.1,2.060
4433,246.1,2.050
4434,246.1,2.060
4435,246.1,2.060
4436,246.1,2.060
4437,246.1,2.050
4438,246.1,2.060
4439,246.1,2.060
4440,246.1,2.050
4441,246.1,2.060
4442,246.1,2.060
4443,246.1,2.050
4444,246.1,2.050
4445,246.1,2.060
4446,246.1,2.060
4447,246.2,2.050
4448,246.2,2.060
4449,246.2,2.060
4450,246.2,2.050
4451,246.2,2.050
4452,246.2,2.060
4453,246.2,2.060
4454,246.2,2.050
4455,246.2,2.050
4456,246.2,2.060
4457,246.2,2.060
4458,246.2,2.050
4459,246.2,2.050
4460,246.2,2.060
4461,246.2,2.050
4462,246.2,2.050
4463,246.2,2.060
4464,246.2,2.060
4465,246.2,2.060
4466,246.2,2.050
4467,246.2,2.060
4468,246.2,2.050
4469,246.2,2.050
4470,246.2,2.050
4471,246.2,2.060
4472,246.2,2.050
4473,246.2,2.050
4474,246.2,2.050
4475,246.2,2.060
4476,246.3,2.060
4477,246.3,2.050
4478,246.3,2.050
4479,246.3,2.060
4480,246.3,2.050
4481,246.3,2.050
4482,246.3,2.060
4483,246.3,2.050
4484,246.3,2.050
4485,246.3,2.050
4486,246.3,2.060
4487,246.3,2.050
4488,246.3,2.050
4489,246.3,2.060
4490,246.3,2.050
4491,246.3,2.050
4492,246.3,2.060
4493,246.3,2.060
4494,246.3,2.050
4495,246.3,2.050
4496,246.3,2.050
4497,246.3,2.060
4498,246.3,2.050
4499,246.3,2.050
4500,246.3,2.060
4501,246.3,2.050
4502,246.3,2.050
4503,246.3,2.050
4504,246.3,2.060
4505,246.3,2.050
4506,246.3,2.050
4507,246.3,2.050
4508,246.3,2.060
4509,246.3,2.050
4510,246.4,2.040
4511,246.4,2.050
4512,246.4,2.050
4513,246.4,2.050
4514,246.4,2.050
4515,246.4,2.060
4516,246.4,2.060
4517,246.4,2.050
4518,246.4,2.050
4519,246.4,2.050
4520,246.4,2.050
4521,246.4,2.040
4522,246.4,2.050
4523,246.4,2.060
4524,246.4,2.050
4525,246.4,2.040
4526,246.4,2.050
4527,246.4,2.060
4528,246.4,2.050
4529,246.4,2.050
4530,246.4,2.050
4531,246.4,2.050
4532,246.4,2.050
4533,246.4,2.050
4534,246.4,2.050
4535,246.4,2.060
4536,246.4,2.050
4537,246.4,2.040
4538,246.4,2.050
4539,246.4,2.060
4540,246.4,2.050
4541,246.4,2.040
4542,246.4,2.050
4543,246.4,2.050
4544,246.4,2.050
4545,246.4,2.040
4546,246.5,2.050
4547,246.5,2.050
4548,246.5,2.040
4549,246.5,2.050
4550,246.5,2.050
4551,246.5,2.050
4552,246.5,2.040
4553,246.5,2.050
4554,246.5,2.050
4555,246.5,2.040
4556,246.5,2.040
4557,246.5,2.050
4558,246.5,2.050
4559,246.5,2.040
4560,246.5,2.050
4561,246.5,2.050
4562,246.5,2.050
4563,246.5,2.040
4564,246.5,2.050
4565,246.5,2.050
4566,246.5,2.040
4567,246.5,2.040
4568,246.5,2.050
4569,246.5,2.050
4570,246.5,2.040
4571,246.5,2.050
4572,246.5,2.050
4573,246.5,2.050
4574,246.6,2.040
4575,246.6,2.040
4576,246.6,2.050
4577,246.6,2.050
4578,246.6,2.040
4579,246.6,2.050
4580,246.6,2.050
4581,246.6,2.040
4582,246.6,2.040
4583,246.6,2.050
4584,246.6,2.050
4585,246.6,2.040
4586,246.6,2.040
4587,246.6,2.050
4588,246.6,2.050
4589,246.6,2.040
4590,246.6,2.040
4591,246.6,2.050
4592,246.6,2.050
4593,246.6,2.040
4594,246.6,2.050
4595,246.6,2.050
4596,246.6,2.050
4597,246.6,2.040
4598,246.6,2.050
4599,246.6,2.050
4600,246.6,2.040
4601,246.6,2.040
4602,246.6,2.050
4603,246.6,2.050
4604,246.6,2.040
4605,246.6,2.040
4606,246.6,2.050
4607,246.6,2.050
4608,246.6,2.050
4609,246.6,2.040
4610,246.6,2.050
4611,246.6,2.050
4612,246.6,2.040
4613,246.7,2.040
4614,246.7,2.050
4615,246.7,2.050
4616,246.7,2.040
4617,246.7,2.040
4618,246.7,2.050
4619,246.7,2.050
4620,246.7,2.040
4621,246.7,2.040
4622,246.7,2.050
4623,246.7,2.050
4624,246.7,2.040
4625,246.7,2.040
4626,246.7,2.050
4627,246.7,2.050
4628,246.7,2.040
4629,246.7,2.040
4630,246.7,2.050
4631,246.7,2.050
4632,246.7,2.040
4633,246.7,2.050
4634,246.7,2.050
4635,246.7,2.040
4636,246.7,2.040
4637,246.7,2.040
4638,246.7,2.050
4639,246.7,2.050
4640,246.7,2.040
4641,246.7,2.040
4642,246.7,2.050
4643,246.7,2.050
4644,246.7,2.040
4645,246.7,2.040
4646,246.7,2.040
4647,246.7,2.050
4648,246.7,2.040
4649,246.7,2.040
4650,246.7,2.050
4651,246.8,2.050
4652,246.8,2.040
4653,246.8,2.040
4654,246.8,2.040
4655,246.8,2.050
4656,246.8,2.050
4657,246.8,2.040
4658,246.8,2.040
4659,246.8,2.050
4660,246.8,2.050
4661,246.8,2.040
4662,246.8,2.040
4663,246.8,2.050
4664,246.8,2.050
4665,246.8,2.040
4666,246.8,2.040
4667,246.8,2.040
4668,246.8,2.050
4669,246.8,2.050
4670,246.8,2.040
4671,246.8,2.040
4672,246.8,2.040
4673,246.8,2.050
4674,246.8,2.040
4675,246.8,2.040
4676,246.8,2.050
4677,246.8,2.040
4678,246.8,2.040
4679,246.8,2.050
4680,246.8,2.040
4681,246.8,2.040
4682,246.8,2.050
4683,246.8,2.040
4684,246.8,2.040
4685,246.8,2.040
4686,246.8,2.050
4687,246.9,2.040
4688,246.9,2.040
4689,246.9,2.040
4690,246.8,2.040
4691,246.8,2.040
4692,246.8,2.040
4693,246.8,2.040
4694,246.8,2.040
4695,246.8,2.040
4696,246.8,2.050
4697,246.9,2.040
4698,246.9,2.030
4699,246.9,2.040
4700,246.9,2.040
4701,246.9,2.040
4702,246.9,2.030
4703,246.9,2.040
4704,246.9,2.050
4705,246.9,2.040
4706,246.9,2.040
4707,246.9,2.040
4708,246.9,2.040
4709,246.9,2.040
4710,246.9,2.040
4711,246.9,2.050
4712,246.9,2.040
4713,246.9,2.030
4714,246.9,2.040
4715,246.9,2.040
4716,246.9,2.030
4717,246.9,2.040
4718,246.9,2.040
4719,246.9,2.040
4720,246.9,2.030
4721,246.9,2.040
4722,246.9,2.040
4723,246.9,2.040
4724,247.0,2.030
4725,247.0,2.040
4726,247.0,2.040
4727,247.0,2.030
4728,247.0,2.040
4729,247.0,2.040
4730,247.0,2.040
4731,247.0,2.030
4732,247.0,2.040
4733,247.0,2.040
4734,247.0,2.040
4735,247.0,2.030
4736,247.0,2.040
4737,247.0,2.040
4738,247.0,2.040
4739,247.0,2.030
4740,247.0,2.040
4741,247.0,2.040
4742,247.0,2.030
4743,247.0,2.040
4744,247.0,2.040
4745,247.0,2.040
4746,247.0,2.030
4747,247.0,2.040
4748,247.0,2.040
4749,247.0,2.030
4750,247.0,2.040
4751,247.0,2.040
4752,247.0,2.040
4753,247.0,2.030
4754,247.0,2.040
4755,247.0,2.040
4756,247.1,2.040
4757,247.1,2.030
4758,247.1,2.040
4759,247.1,2.040
4760,247.1,2.030
4761,247.1,2.040
4762,247.1,2.040
4763,247.1,2.040
4764,247.1,2.030
4765,247.1,2.040
4766,247.1,2.040
4767,247.1,2.040
4768,247.1,2.030
4769,247.1,2.030
4770,247.1,2.040
4771,247.1,2.040
4772,247.1,2.030
4773,247.1,2.030
4774,247.1,2.040
4775,247.1,2.040
4776,247.1,2.030
4777,247.1,2.030
4778,247.1,2.040
4779,247.1,2.040
4780,247.1,2.030
4781,247.1,2.040
4782,247.1,2.040
4783,247.1,2.030
4784,247.1,2.030
4785,247.1,2.040
4786,247.1,2.040
4787,247.1,2.030
4788,247.1,2.030
4789,247.1,2.040
4790,247.1,2.040
4791,247.1,2.030
4792,247.1,2.030
4793,247.1,2.040
4794,247.1,2.030
4795,247.2,2.030
4796,247.2,2.030
4797,247.2,2.040
4798,247.2,2.040
4799,247.2,2.030
4800,247.2,2.030
4801,247.2,2.040
4802,247.2,2.040
4803,247.2,2.030
4804,247.2,2.030
4805,247.2,2.040
4806,247.2,2.040
4807,247.2,2.030
4808,247.2,2.030
4809,247.2,2.040
4810,247.2,2.030
4811,247.2,2.030
4812,247.2,2.040
4813,247.2,2.030
4814,247.2,2.030
4815,247.2,2.040
4816,247.2,2.040
4817,247.2,2.030
4818,247.2,2.030
4819,247.2,2.040
4820,247.2,2.040
4821,247.2,2.030
4822,247.2,2.030
4823,247.2,2.040
4824,247.2,2.030
4825,247.2,2.030
4826,247.2,2.030
4827,247.2,2.040
4828,247.2,2.030
4829,247.2,2.030
4830,247.2,2.040
4831,247.2,2.040
4832,247.2,2.030
4833,247.2,2.030
4834,247.2,2.040
4835,247.2,2.030
4836,247.2,2.030
4837,247.2,2.030
4838,247.2,2.040
4839,247.2,2.030
4840,247.2,2.030
4841,247.2,2.030
4842,247.2,2.040
4843,247.2,2.030
4844,247.2,2.030
4845,247.3,2.040
4846,247.3,2.040
4847,247.3,2.030
4848,247.3,2.030
4849,247.3,2.040
4850,247.3,2.030
4851,247.3,2.030
4852,247.3,2.030
4853,247.3,2.030
4854,247.3,2.040
4855,247.3,2.030
4856,247.3,2.030
4857,247.3,2.040
4858,247.3,2.040
4859,247.3,2.030
4860,247.3,2.030
4861,247.3,2.040
4862,247.3,2.030
4863,247.3,2.030
4864,247.3,2.030
4865,247.3,2.040
4866,247.3,2.030
4867,247.3,2.030
4868,247.3,2.030
4869,247.3,2.040
4870,247.3,2.030
4871,247.3,2.030
4872,247.3,2.030
4873,247.3,2.040
4874,247.3,2.030
4875,247.3,2.030
4876,247.3,2.040
4877,247.3,2.040
4878,247.3,2.030
4879,247.3,2.030
4880,247.3,2.030
4881,247.3,2.030
4882,247.3,2.030
4883,247.3,2.020
4884,247.3,2.040
4885,247.3,2.040
4886,247.3,2.030
4887,247.3,2.020
4888,247.3,2.030
4889,247.4,2.040
4890,247.4,2.030
4891,247.4,2.030
4892,247.4,2.030
4893,247.4,2.030
4894,247.4,2.030
4895,247.4,2.030
4896,247.4,2.030
4897,247.4,2.040
4898,247.4,2.030
4899,247.4,2.020
4900,247.4,2.030
4901,247.4,2.040
4902,247.4,2.030
4903,247.4,2.030
4904,247.4,2.030
4905,247.4,2.030
4906,247.4,2.030
4907,247.4,2.030
4908,247.4,2.020
4909,247.4,2.030
4910,247.4,2.040
4911,247.4,2.030
4912,247.4,2.020
4913,247.4,2.030
4914,247.4,2.030
4915,247.4,2.030
4916,247.4,2.020
4917,247.4,2.030
4918,247.4,2.030
4919,247.4,2.030
4920,247.4,2.030
4921,247.4,2.030
4922,247.4,2.030
4923,247.4,2.030
4924,247.4,2.020
4925,247.4,2.030
4926,247.4,2.040
4927,247.4,2.030
4928,247.5,2.030
4929,247.5,2.020
4930,247.5,2.030
4931,247.4,2.030
4932,247.5,2.030
4933,247.5,2.020
4934,247.5,2.030
4935,247.5,2.030
4936,247.5,2.030
4937,247.5,2.020
4938,247.5,2.030
4939,247.5,2.030
4940,247.5,2.020
4941,247.5,2.020
4942,247.5,2.030
4943,247.5,2.030
4944,247.5,2.020
4945,247.5,2.030
4946,247.5,2.040
4947,247.5,2.030
4948,247.5,2.020
4949,247.5,2.030
4950,247.5,2.030
4951,247.5,2.030
4952,247.5,2.020
4953,247.5,2.030
4954,247.5,2.030
4955,247.5,2.020
4956,247.5,2.020
4957,247.5,2.030
4958,247.5,2.030
4959,247.6,2.020
4960,247.5,2.030
4961,247.5,2.030
4962,247.5,2.030
4963,247.5,2.020
4964,247.6,2.030
4965,247.6,2.030
4966,247.5,2.030
4967,247.6,2.020
4968,247.6,2.020
4969,247.6,2.030
4970,247.6,2.020
4971,247.6,2.020
4972,247.6,2.030
4973,247.6,2.030
4974,247.6,2.020
4975,247.6,2.020
4976,247.6,2.030
4977,247.6,2.030
4978,247.6,2.020
4979,247.6,2.030
4980,247.6,2.030
4981,247.6,2.020
4982,247.6,2.020
4983,247.6,2.030
4984,247.6,2.030
4985,247.6,2.020
4986,247.6,2.020
4987,247.6,2.030
4988,247.6,2.030
4989,247.6,2.020
4990,247.6,2.020
4991,247.6,2.030
4992,247.6,2.030
4993,247.6,2.020
4994,247.6,2.030
4995,247.6,2.030
4996,247.6,2.030
4997,247.6,2.020
4998,247.6,2.020
4999,247.6,2.030
5000,247.6,2.030
5001,247.6,2.020
5002,247.6,2.030
5003,247.6,2.030
5004,247.6,2.030
5005,247.6,2.020
5006,247.6,2.030
5007,247.6,2.030
5008,247.6,2.020
5009,247.6,2.020
5010,247.6,2.030
5011,247.6,2.020
5012,247.6,2.020
5013,247.6,2.030
5014,247.6,2.030
5015,247.6,2.020
5016,247.6,2.020
5017,247.6,2.030
5018,247.6,2.030
5019,247.6,2.020
5020,247.6,2.020
5021,247.6,2.030
5022,247.6,2.020
5023,247.6,2.020
5024,247.6,2.030
5025,247.6,2.030
5026,247.6,2.020
5027,247.6,2.020
5028,247.7,2.030
5029,247.7,2.030
5030,247.7,2.020
5031,247.7,2.020
5032,247.7,2.030
5033,247.7,2.030
5034,247.7,2.020
5035,247.7,2.020
5036,247.7,2.030
5037,247.7,2.030
5038,247.7,2.020
5039,247.7,2.020
5040,247.7,2.030
5041,247.7,2.020
5042,247.7,2.020
5043,247.7,2.020
5044,247.7,2.030
5045,247.7,2.020
5046,247.7,2.020
5047,247.7,2.020
5048,247.7,2.030
5049,247.7,2.030
5050,247.7,2.020
5051,247.7,2.020
5052,247.7,2.030
5053,247.7,2.020
5054,247.7,2.020
5055,247.7,2.020
5056,247.7,2.030
5057,247.7,2.020
5058,247.7,2.020
5059,247.7,2.020
5060,247.7,2.030
5061,247.7,2.030
5062,247.7,2.020
5063,247.7,2.020
5064,247.7,2.020
5065,247.7,2.030
5066,247.7,2.020
5067,247.7,2.020
5068,247.7,2.020
5069,247.7,2.030
5070,247.7,2.020
5071,247.7,2.020
5072,247.7,2.030
5073,247.8,2.030
5074,247.8,2.020
5075,247.8,2.020
5076,247.8,2.030
5077,247.8,2.020
5078,247.8,2.020
5079,247.8,2.020
5080,247.8,2.030
5081,247.8,2.020
5082,247.8,2.020
5083,247.8,2.030
5084,247.8,2.020
5085,247.8,2.020
5086,247.8,2.020
5087,247.8,2.020
5088,247.8,2.020
5089,247.8,2.010
5090,247.8,2.020
5091,247.8,2.030
5092,247.8,2.020
5093,247.8,2.020
5094,247.8,2.020
5095,247.8,2.020
5096,247.8,2.020
5097,247.8,2.010
5098,247.8,2.020
5099,247.8,2.020
5100,247.8,2.020
5101,247.8,2.020
5102,247.8,2.020
5103,247.8,2.030
5104,247.8,2.020
5105,247.8,2.010
5106,247.8,2.020
5107,247.8,2.020
5108,247.8,2.020
5109,247.8,2.020
5110,247.8,2.020
5111,247.8,2.030
5112,247.8,2.020
5113,247.8,2.010
5114,247.8,2.020
5115,247.8,2.020
5116,247.8,2.020
5117,247.8,2.010
5118,247.8,2.020
5119,247.8,2.020
5120,247.8,2.020
5121,247.8,2.010
5122,247.8,2.020
5123,247.8,2.030
5124,247.8,2.020
5125,247.8,2.020
5126,247.8,2.010
5127,247.8,2.020
5128,247.8,2.020
5129,247.8,2.020
5130,247.8,2.010
5131,247.8,2.020
5132,247.8,2.020
5133,247.8,2.020
5134,247.8,2.010
5135,247.8,2.020
5136,247.8,2.020
5137,247.8,2.020
5138,247.8,2.020
5139,247.8,2.020
5140,247.8,2.020
5141,247.8,2.020
5142,247.8,2.010
5143,247.8,2.020
5144,247.8,2.020
5145,247.8,2.020
5146,247.8,2.010
5147,247.9,2.010
5148,247.9,2.020
5149,247.9,2.020
5150,247.9,2.020
5151,247.9,2.010
5152,247.9,2.020
5153,247.9,2.020
5154,247.9,2.020
5155,247.9,2.010
5156,247.9,2.020
5157,247.9,2.020
5158,247.9,2.020
5159,247.9,2.010
5160,247.9,2.020
5161,247.9,2.020
5162,247.9,2.020
5163,247.9,2.020
5164,247.9,2.010
5165,247.9,2.020
5166,247.9,2.020
5167,247.9,2.020
5168,247.9,2.010
5169,247.9,2.020
5170,247.9,2.030
5171,247.9,2.020
5172,247.9,2.010
5173,247.9,2.010
5174,247.9,2.020
5175,247.9,2.020
5176,247.9,2.010
5177,247.9,2.010
5178,247.9,2.020
5179,247.9,2.020
5180,247.9,2.020
5181,247.9,2.010
5182,247.9,2.010
5183,247.9,2.020
5184,248.0,2.020
5185,247.9,2.010
5186,247.9,2.010
5187,247.9,2.020
5188,247.9,2.020
5189,247.9,2.010
5190,247.9,2.010
5191,247.9,2.020
5192,248.0,2.020
5193,248.0,2.020
5194,247.9,2.010
5195,248.0,2.010
5196,248.0,2.020
5197,248.0,2.020
5198,248.0,2.020
5199,248.0,2.010
5200,248.0,2.020
5201,248.0,2.010
5202,248.0,2.010
5203,248.0,2.020
5204,248.0,2.020
5205,248.0,2.010
5206,248.0,2.020
5207,248.0,2.010
5208,248.0,2.010
5209,248.0,2.020
5210,248.0,2.020
5211,248.0,2.010
5212,248.0,2.020
5213,248.0,2.020
5214,248.0,2.010
5215,248.0,2.010
5216,248.0,2.020
5217,248.0,2.010
5218,248.0,2.010
5219,248.0,2.020
5220,248.0,2.010
5221,248.0,2.010
5222,248.0,2.020
5223,248.0,2.010
5224,248.0,2.010
5225,248.0,2.020
5226,248.0,2.020
5227,248.0,2.010
5228,248.0,2.020
5229,248.0,2.020
5230,248.0,2.010
5231,248.0,2.010
5232,248.0,2.020
5233,248.0,2.010
5234,248.0,2.010
5235,248.0,2.020
5236,248.0,2.010
5237,248.0,2.010
5238,248.0,2.020
5239,248.0,2.010
5240,248.0,2.010
5241,248.0,2.020
5242,248.0,2.020
5243,248.1,2.010
5244,248.1,2.010
5245,248.1,2.020
5246,248.0,2.020
5247,248.0,2.010
5248,248.0,2.020
5249,248.1,2.020
5250,248.1,2.010
5251,248.1,2.020
5252,248.1,2.020
5253,248.1,2.010
5254,248.1,2.010
5255,248.1,2.020
5256,248.1,2.010
5257,248.1,2.010
5258,248.1,2.020
5259,248.1,2.020
5260,248.1,2.010
5261,248.1,2.010
5262,248.1,2.020
5263,248.1,2.020
5264,248.1,2.010
5265,248.1,2.020
5266,248.1,2.010
5267,248.1,2.010
5268,248.1,2.020
5269,248.1,2.020
5270,248.1,2.010
5271,248.1,2.010
5272,248.1,2.020
5273,248.1,2.010
5274,248.1,2.010
5275,248.1,2.020
5276,248.1,2.010
5277,248.1,2.010
5278,248.1,2.010
5279,248.1,2.020
5280,248.1,2.010
5281,248.1,2.010
5282,248.1,2.020
5283,248.1,2.010
5284,248.1,2.010
5285,248.1,2.020
5286,248.1,2.010
5287,248.1,2.010
5288,248.1,2.010
5289,248.1,2.020
5290,248.1,2.010
5291,248.1,2.010
5292,248.1,2.020
5293,248.1,2.010
5294,248.1,2.010
5295,248.1,2.020
5296,248.1,2.020
5297,248.1,2.010
5298,248.1,2.010
5299,248.1,2.020
5300,248.1,2.010
5301,248.1,2.010
5302,248.1,2.010
5303,248.1,2.020
5304,248.1,2.010
5305,248.1,2.010
5306,248.1,2.020
5307,248.1,2.010
5308,248.1,2.010
5309,248.1,2.020
5310,248.1,2.020
5311,248.1,2.010
5312,248.1,2.010
5313,248.1,2.010
5314,248.1,2.010
5315,248.1,2.010
5316,248.1,2.010
5317,248.1,2.020
5318,248.1,2.010
5319,248.2,2.010
5320,248.2,2.020
5321,248.2,2.020
5322,248.2,2.010
5323,248.2,2.010
5324,248.2,2.020
5325,248.2,2.010
5326,248.2,2.010
5327,248.2,2.010
5328,248.2,2.020
5329,248.2,2.020
5330,248.2,2.010
5331,248.2,2.010
5332,248.2,2.020
5333,248.2,2.010
5334,248.2,2.010
5335,248.2,2.020
5336,248.2,2.010
5337,248.2,2.010
5338,248.2,2.020
5339,248.2,2.010
5340,248.2,2.010
5341,248.2,2.010
5342,248.2,2.010
5343,248.2,2.010
5344,248.2,2.010
5345,248.2,2.020
5346,248.2,2.010
5347,248.2,2.010
5348,248.2,2.020
5349,248.2,2.010
5350,248.2,2.010
5351,248.2,2.010
5352,248.2,2.010
5353,248.2,2.010
5354,248.2,2.010
5355,248.2,2.020
5356,248.2,2.010
5357,248.2,2.010
5358,248.2,2.010
5359,248.2,2.020
5360,248.2,2.010
5361,248.2,2.010
5362,248.2,2.010
5363,248.2,2.020
5364,248.2,2.010
5365,248.2,2.010
5366,248.2,2.010
5367,248.2,2.020
5368,248.2,2.010
5369,248.2,2.010
5370,248.2,2.010
5371,248.2,2.010
5372,248.2,2.010
5373,248.2,2.010
5374,248.2,2.010
5375,248.2,2.010
5376,248.2,2.010
5377,248.2,2.020
5378,248.2,2.010
5379,248.2,2.010
5380,248.2,2.010
5381,248.2,2.010
5382,248.2,2.010
5383,248.2,2.010
5384,248.2,2.010
5385,248.2,2.010
5386,248.2,2.010
5387,248.2,2.010
5388,248.2,2.010
5389,248.2,2.010
5390,248.3,2.010
5391,248.3,2.010
5392,248.3,2.010
5393,248.3,2.010
5394,248.3,2.010
5395,248.3,2.010
5396,248.3,2.010
5397,248.3,2.000
5398,248.3,2.010
5399,248.3,2.010
5400,248.3,2.010
5401,248.3,2.010
5402,248.3,2.010
5403,248.3,2.010
5404,248.3,2.000
5405,248.3,2.010
5406,248.3,2.010
5407,248.3,2.010
5408,248.3,2.010
5409,248.3,2.010
5410,248.3,2.010
5411,248.3,2.000
5412,248.3,2.010
5413,248.3,2.010
5414,248.3,2.010
5415,248.3,2.010
5416,248.3,2.010
5417,248.3,2.010
5418,248.3,2.010
5419,248.3,2.010
5420,248.3,2.010
5421,248.3,2.010
5422,248.3,2.010
5423,248.3,2.010
5424,248.3,2.010
5425,248.3,2.000
5426,248.3,2.010
5427,248.3,2.020
5428,248.3,2.010
5429,248.3,2.000
5430,248.3,2.010
5431,248.3,2.010
5432,248.3,2.000
5433,248.3,2.010
5434,248.3,2.010
5435,248.3,2.010
5436,248.3,2.000
5437,248.3,2.010
5438,248.3,2.010
5439,248.3,2.000
5440,248.3,2.010
5441,248.3,2.010
5442,248.3,2.010
5443,248.3,2.010
5444,248.3,2.010
5445,248.3,2.010
5446,248.3,2.000
5447,248.3,2.010
5448,248.3,2.020
5449,248.3,2.010
5450,248.3,2.000
5451,248.3,2.010
5452,248.3,2.010
5453,248.3,2.010
5454,248.3,2.000
5455,248.3,2.010
5456,248.3,2.010
5457,248.3,2.010
5458,248.3,2.000
5459,248.3,2.010
5460,248.3,2.010
5461,248.3,2.000
5462,248.3,2.010
5463,248.3,2.010
5464,248.3,2.000
5465,248.3,2.010
5466,248.3,2.010
5467,248.3,2.010
5468,248.3,2.000
5469,248.3,2.010
5470,248.3,2.010
5471,248.3,2.000
5472,248.3,2.010
5473,248.3,2.010
5474,248.3,2.010
5475,248.3,2.000
5476,248.3,2.010
5477,248.3,2.010
5478,248.3,2.010
5479,248.3,2.010
5480,248.3,2.010
5481,248.3,2.010
5482,248.3,2.000
5483,248.3,2.010
5484,248.3,2.010
5485,248.3,2.000
5486,248.3,2.010
5487,248.3,2.010
5488,248.3,2.010
5489,248.3,2.000
5490,248.3,2.010
5491,248.3,2.010
5492,248.3,2.000
5493,248.3,2.000
5494,248.3,2.010
5495,248.3,2.010
5496,248.3,2.000
5497,248.4,2.010
5498,248.4,2.010
5499,248.3,2.000
5500,248.4,2.010
5501,248.3,2.010
5502,248.4,2.010
5503,248.3,2.000
5504,248.3,2.010
5505,248.4,2.010
5506,248.4,2.000
5507,248.3,2.000
5508,248.3,2.010
5509,248.3,2.010
5510,248.3,2.000
5511,248.3,2.010
5512,248.4,2.010
5513,248.4,2.000
5514,248.4,2.000
5515,248.4,2.010
5516,248.4,2.010
5517,248.4,2.000
5518,248.4,2.010
5519,248.3,2.010
5520,248.4,2.010
5521,248.4,2.000
5522,248.4,2.010
5523,248.4,2.010
5524,248.4,2.010
5525,248.4,2.000
5526,248.4,2.010
5527,248.4,2.010
5528,248.4,2.000
5529,248.4,2.000
5530,248.4,2.010
5531,248.4,2.010
5532,248.4,2.000
5533,248.4,2.010
5534,248.4,2.010
5535,248.4,2.000
5536,248.4,2.010
5537,248.4,2.010
5538,248.4,2.000
5539,248.4,2.000
5540,248.4,2.010
5541,248.4,2.010
5542,248.4,2.000
5543,248.4,2.000
5544,248.4,2.010
5545,248.4,2.010
5546,248.4,2.000
5547,248.4,2.010
5548,248.4,2.010
5549,248.4,2.010
5550,248.4,2.000
5551,248.4,2.010
5552,248.4,2.010
5553,248.4,2.000
5554,248.4,2.000
5555,248.4,2.010
5556,248.4,2.010
5557,248.4,2.000
5558,248.4,2.000
5559,248.4,2.010
5560,248.4,2.010
5561,248.4,2.000
5562,248.4,2.010
5563,248.4,2.010
5564,248.4,2.010
5565,248.4,2.000
5566,248.4,2.010
5567,248.4,2.010
5568,248.4,2.010
5569,248.4,2.000
5570,248.4,2.010
5571,248.4,2.010
5572,248.4,2.000
5573,248.4,2.000
5574,248.4,2.010
5575,248.5,2.010
5576,248.5,2.000
5577,248.5,2.000
5578,248.5,2.020
5579,248.5,2.010
5580,248.5,2.000
5581,248.5,2.000
5582,248.5,2.010
5583,248.5,2.010
5584,248.5,2.010
5585,248.5,2.000
5586,248.5,2.010
5587,248.5,2.010
5588,248.5,2.000
5589,248.5,2.000
5590,248.5,2.010
5591,248.5,2.010
5592,248.5,2.000
5593,248.5,2.000
5594,248.5,2.010
5595,248.4,2.010
5596,248.4,2.000
5597,248.4,2.010
5598,248.4,2.010
5599,248.5,2.000
5600,248.5,2.000
5601,248.5,2.010
5602,248.5,2.000
5603,248.5,2.000
5604,248.5,2.010
5605,248.5,2.010
5606,248.5,2.000
5607,248.5,2.000
5608,248.5,2.010
5609,248.5,2.010
5610,248.5,2.000
5611,248.5,2.000
5612,248.5,2.010
5613,248.5,2.010
5614,248.5,2.000
5615,248.5,2.000
5616,248.5,2.010
5617,248.5,2.000
5618,248.5,2.000
5619,248.5,2.010
5620,248.5,2.010
5621,248.5,2.000
5622,248.5,2.010
5623,248.5,2.010
5624,248.5,2.010
5625,248.5,2.000
5626,248.5,2.000
5627,248.5,2.010
5628,248.5,2.010
5629,248.5,2.000
5630,248.5,2.000
5631,248.5,2.010
5632,248.5,2.000
5633,248.5,2.000
5634,248.5,2.010
5635,248.5,2.010
5636,248.5,2.000
5637,248.5,2.000
5638,248.5,2.010
5639,248.5,2.000
5640,248.5,2.000
5641,248.5,2.000
5642,248.5,2.010
5643,248.5,2.000
5644,248.5,2.000
5645,248.5,2.010
5646,248.5,2.010
5647,248.5,2.000
5648,248.5,2.000
5649,248.5,2.010
5650,248.5,2.010
5651,248.5,2.000
5652,248.5,2.000
5653,248.5,2.010
5654,248.5,2.010
5655,248.5,2.000
5656,248.5,2.000
5657,248.5,2.010
5658,248.5,2.010
5659,248.5,2.000
5660,248.5,2.000
5661,248.5,2.010
5662,248.5,2.000
5663,248.5,2.000
5664,248.5,2.000
5665,248.5,2.010
5666,248.5,2.000
5667,248.5,2.000
5668,248.5,2.000
5669,248.5,2.010
5670,248.5,2.000
5671,248.5,2.000
5672,248.5,2.010
5673,248.5,2.010
5674,248.5,2.000
5675,248.5,2.000
5676,248.5,2.010
5677,248.5,2.010
5678,248.5,2.000
5679,248.5,2.000
5680,248.5,2.010
5681,248.5,2.010
5682,248.5,2.000
5683,248.5,2.000
5684,248.5,2.010
5685,248.5,2.010
5686,248.5,2.000
5687,248.5,2.000
5688,248.5,2.010
5689,248.5,2.010
5690,248.5,2.000
5691,248.5,2.000
5692,248.5,2.010
5693,248.5,2.010
5694,248.5,2.000
5695,248.5,2.000
5696,248.5,2.010
5697,248.5,2.010
5698,248.5,2.000
5699,248.5,2.000
5700,248.5,2.010
5701,248.5,2.010
5702,248.5,2.000
5703,248.5,2.000
5704,248.5,2.000
5705,248.5,2.010
5706,248.5,2.000
5707,248.5,2.000
5708,248.5,2.000
5709,248.5,2.010
5710,248.5,2.000
5711,248.5,2.000
5712,248.5,2.000
5713,248.5,2.010
5714,248.5,2.010
5715,248.5,2.000
5716,248.5,2.000
5717,248.5,2.000
5718,248.5,2.010
5719,248.5,2.000
5720,248.5,2.000
5721,248.5,2.000
5722,248.5,2.010
5723,248.5,2.000
5724,248.5,2.000
5725,248.6,2.000
5726,248.6,2.010
5727,248.6,2.000
5728,248.6,2.000
5729,248.6,2.010
5730,248.6,2.000
5731,248.6,2.000
5732,248.6,2.010
5733,248.6,2.000
5734,248.6,2.000
5735,248.6,2.010
5736,248.6,2.010
5737,248.6,2.000
5738,248.6,2.000
5739,248.6,2.010
5740,248.6,2.010
5741,248.6,2.000
5742,248.6,2.010
5743,248.6,2.000
5744,248.6,2.000
5745,248.6,2.010
5746,248.6,2.010
5747,248.6,2.000
5748,248.6,2.000
5749,248.6,2.010
5750,248.6,2.000
5751,248.6,2.000
5752,248.6,2.010
5753,248.6,2.010
5754,248.6,2.000
5755,248.6,2.000
5756,248.6,2.010
5757,248.6,2.000
5758,248.6,2.000
5759,248.6,2.000
5760,248.6,2.000
5761,248.6,2.000
5762,248.6,2.000
5763,248.6,2.010
5764,248.6,2.000
5765,248.6,2.000
5766,248.6,2.010
5767,248.6,2.000
5768,248.6,2.000
5769,248.6,2.000
5770,248.6,2.010
5771,248.6,2.000
5772,248.6,2.000
5773,248.6,2.000
5774,248.6,2.010
5775,248.6,2.000
5776,248.6,2.000
5777,248.6,2.010
5778,248.6,2.000
5779,248.6,2.000
5780,248.6,2.000
5781,248.6,2.010
5782,248.6,2.000
5783,248.6,2.000
5784,248.6,2.000
5785,248.6,2.010
5786,248.6,2.000
5787,248.6,2.000
5788,248.6,2.000
5789,248.6,2.000
5790,248.6,2.000
5791,248.6,2.000
5792,248.6,2.010
5793,248.6,2.000
5794,248.6,2.000
5795,248.6,2.010
5796,248.6,2.000
5797,248.6,2.000
5798,248.6,2.010
5799,248.6,2.000
5800,248.6,2.000
5801,248.6,2.000
5802,248.6,2.010
5803,248.6,2.000
5804,248.6,2.000
5805,248.6,2.010
5806,248.6,2.000
5807,248.6,2.000
5808,248.6,2.000
5809,248.6,2.010
5810,248.6,2.000
5811,248.6,2.000
5812,248.6,2.000
5813,248.6,2.010
5814,248.6,2.000
5815,248.6,2.000
5816,248.6,2.010
5817,248.6,2.010
5818,248.6,2.000
5819,248.6,2.000
5820,248.6,2.010
5821,248.6,2.000
5822,248.6,2.000
5823,248.6,2.000
5824,248.6,2.010
5825,248.6,2.000
5826,248.6,2.000
5827,248.6,2.010
5828,248.6,2.000
5829,248.6,2.000
5830,248.6,2.000
5831,248.6,2.000
5832,248.6,2.000
5833,248.6,2.000
5834,248.6,2.010
5835,248.6,2.010
5836,248.6,2.000
5837,248.6,2.000
5838,248.6,2.010
5839,248.6,2.010
5840,248.6,2.000
5841,248.6,2.000
5842,248.6,2.010
5843,248.6,2.010
5844,248.6,2.000
5845,248.6,2.000
5846,248.6,2.010
5847,248.6,2.010
5848,248.6,2.000
5849,248.6,2.000
5850,248.6,2.010
5851,248.6,2.010
5852,248.6,2.000
5853,248.6,2.000
5854,248.6,2.010
5855,248.6,2.000
5856,248.6,2.000
5857,248.6,2.010
5858,248.6,2.010
5859,248.6,2.000
5860,248.6,2.000
5861,248.6,2.010
5862,248.6,2.000
5863,248.6,2.000
5864,248.6,2.010
5865,248.6,2.010
5866,248.6,2.000
5867,248.6,2.000
5868,248.5,2.010
5869,248.5,2.000
5870,248.5,2.000
5871,248.5,2.010
5872,248.5,2.010
5873,248.5,2.000
5874,248.5,2.000
5875,248.5,2.010
5876,248.5,2.010
5877,248.5,2.000
5878,248.5,2.000
5879,248.5,2.010
5880,248.5,2.000
5881,248.5,2.000
5882,248.5,2.000
5883,248.5,2.010
5884,248.5,2.010
5885,248.5,2.000
5886,248.5,2.000
5887,248.5,2.010
5888,248.5,2.000
5889,248.5,2.000
5890,248.5,2.010
5891,248.5,2.010
5892,248.5,2.000
5893,248.5,2.000
5894,248.5,2.010
5895,248.5,2.010
5896,248.5,2.000
5897,248.5,2.000
5898,248.5,2.010
5899,248.5,2.010
5900,248.5,2.000
5901,248.5,2.000
5902,248.5,2.010
5903,248.5,2.000
5904,248.5,2.000
5905,248.5,2.010
5906,248.5,2.010
5907,248.5,2.000
5908,248.5,2.000
5909,248.5,2.010
5910,248.5,2.010
5911,248.5,2.000
5912,248.5,2.000
5913,248.5,2.010
5914,248.5,2.010
5915,248.5,2.000
5916,248.5,2.000
5917,248.5,2.010
5918,248.5,2.010
5919,248.5,2.000
5920,248.5,2.000
5921,248.5,2.010
5922,248.5,2.000
5923,248.5,2.000
5924,248.5,2.000
5925,248.5,2.010
5926,248.5,2.000
5927,248.5,2.000
5928,248.5,2.000
5929,248.5,2.010
5930,248.5,2.000
5931,248.5,2.000
5932,248.5,2.010
5933,248.5,2.010
5934,248.5,2.000
5935,248.5,2.000
5936,248.5,2.010
5937,248.5,2.010
5938,248.5,2.000
5939,248.5,2.000
5940,248.5,2.010
5941,248.5,2.010
5942,248.5,2.000
5943,248.5,2.000
5944,248.5,2.010
5945,248.5,2.010
5946,248.5,2.000
5947,248.5,2.000
5948,248.5,2.010
5949,248.5,2.010
5950,248.5,2.000
5951,248.5,2.000
5952,248.5,2.010
5953,248.5,2.000
5954,248.5,2.000
5955,248.5,2.000
5956,248.5,2.010
5957,248.5,2.010
5958,248.5,2.000
5959,248.5,2.000
5960,248.5,2.010
5961,248.5,2.010
5962,248.5,2.000
5963,248.5,2.000
5964,248.5,2.010
5965,248.5,2.010
5966,248.5,2.000
5967,248.5,2.000
5968,248.5,2.000
5969,248.5,2.010
5970,248.5,2.000
5971,248.5,2.000
5972,248.5,2.000
5973,248.5,2.010
5974,248.5,2.000
5975,248.5,2.000
5976,248.5,2.000
5977,248.5,2.010
5978,248.5,2.010
5979,248.5,2.000
5980,248.5,2.000
5981,248.5,2.010
5982,248.5,2.010
5983,248.5,2.000
5984,248.5,2.000
5985,248.5,2.000
5986,248.5,2.010
5987,248.5,2.000
5988,248.5,2.000
5989,248.5,2.010
5990,248.5,2.000
5991,248.5,2.000
5992,248.5,2.010
5993,248.5,2.010
5994,248.5,2.000
5995,248.5,2.000
5996,248.5,2.010
5997,248.5,2.010
5998,248.5,2.000
5999,248.5,2.000
6000,248.5,2.010
6001,248.5,2.010
6002,248.5,2.000
6003,248.5,2.000
6004,248.5,2.010
6005,248.5,2.000
6006,248.5,2.000
6007,248.5,2.010
6008,248.5,2.010
6009,248.5,2.000
6010,248.5,2.000
6011,248.5,2.010
6012,248.5,2.010
6013,248.5,2.000
6014,248.5,2.000
6015,248.5,2.010
6016,248.5,2.010
6017,248.5,2.000
6018,248.5,2.000
6019,248.5,2.010
6020,248.5,2.010
6021,248.5,2.000
6022,248.5,2.010
6023,248.5,2.010
6024,248.5,2.000
6025,248.5,2.000
6026,248.5,2.010
6027,248.5,2.010
6028,248.5,2.000
6029,248.5,2.000
6030,248.5,2.010
6031,248.5,2.010
6032,248.5,2.000
6033,248.5,2.000
6034,248.5,2.010
6035,248.5,2.010
6036,248.5,2.000
6037,248.5,2.000
6038,248.5,2.010
6039,248.5,2.010
6040,248.5,2.000
6041,248.5,2.000
6042,248.5,2.010
6043,248.5,2.010
6044,248.5,2.000
6045,248.5,2.000
6046,248.5,2.010
6047,248.5,2.010
6048,248.5,2.000
6049,248.5,2.000
6050,248.5,2.000
6051,248.5,2.010
6052,248.5,2.000
6053,248.5,2.000
6054,248.5,2.010
6055,248.5,2.010
6056,248.5,2.000
6057,248.5,2.000
6058,248.5,2.010
6059,248.5,2.000
6060,248.5,2.000
6061,248.5,2.010
6062,248.5,2.010
6063,248.5,2.000
6064,248.5,2.000
6065,248.5,2.010
6066,248.5,2.010
6067,248.5,2.000
6068,248.5,2.000
6069,248.5,2.010
6070,248.5,2.000
6071,248.5,2.000
6072,248.5,2.000
6073,248.5,2.010
6074,248.5,2.000
6075,248.5,2.000
6076,248.5,2.000
6077,248.5,2.010
6078,248.5,2.000
6079,248.5,2.000
6080,248.5,2.000
6081,248.5,2.010
6082,248.5,2.000
6083,248.5,2.000
6084,248.5,2.010
6085,248.5,2.010
6086,248.5,2.000
6087,248.5,2.000
6088,248.5,2.010
6089,248.5,2.010
6090,248.5,2.000
6091,248.5,2.000
6092,248.5,2.010
6093,248.5,2.010
6094,248.5,2.000
6095,248.5,2.000
6096,248.5,2.010
6097,248.5,2.010
6098,248.5,2.000
6099,248.5,2.000
6100,248.5,2.010
6101,248.5,2.010
6102,248.5,2.000
6103,248.5,2.010
6104,248.5,2.010
6105,248.5,2.010
6106,248.5,2.000
6107,248.5,2.000
6108,248.5,2.000
6109,248.5,2.010
6110,248.5,2.000
6111,248.5,2.000
6112,248.5,2.000
6113,248.5,2.010
6114,248.5,2.010
6115,248.5,2.000
6116,248.5,2.000
6117,248.5,2.010
6118,248.5,2.010
6119,248.5,2.000
6120,248.5,2.000
6121,248.5,2.010
6122,248.5,2.000
6123,248.5,2.000
6124,248.5,2.000
6125,248.5,2.010
6126,248.5,2.000
6127,248.5,2.000
6128,248.5,2.000
6129,248.5,2.010
6130,248.5,2.000
6131,248.5,2.000
6132,248.5,2.010
6133,248.5,2.000
6134,248.5,2.000
6135,248.5,2.000
6136,248.5,2.010
6137,248.5,2.000
6138,248.5,2.000
6139,248.5,2.000
6140,248.5,2.010
6141,248.5,2.000
6142,248.5,2.000
6143,248.5,2.000
6144,248.5,2.010
6145,248.5,2.010
6146,248.5,2.000
6147,248.5,2.000
6148,248.5,2.000
6149,248.5,2.010
6150,248.5,2.000
6151,248.5,2.000
6152,248.5,2.000
6153,248.5,2.010
6154,248.5,2.000
6155,248.5,2.000
6156,248.6,2.010
6157,248.6,2.010
6158,248.6,2.000
6159,248.6,2.000
6160,248.6,2.010
6161,248.6,2.000
6162,248.6,2.000
6163,248.6,2.000
6164,248.6,2.010
6165,248.6,2.010
6166,248.6,2.000
6167,248.6,2.000
6168,248.6,2.000
6169,248.6,2.010
6170,248.6,2.000
6171,248.6,2.000
6172,248.6,2.000
6173,248.6,2.010
6174,248.6,2.000
6175,248.6,2.000
6176,248.6,2.000
6177,248.6,2.010
6178,248.6,2.010
6179,248.6,2.000
6180,248.6,2.000
6181,248.6,2.000
6182,248.6,2.010
6183,248.6,2.000
6184,248.6,2.000
6185,248.6,2.000
6186,248.6,2.010
6187,248.6,2.000
6188,248.6,1.990
6189,248.6,2.000
6190,248.6,2.000
6191,248.6,2.000
6192,248.6,2.000
6193,248.6,2.000
6194,248.6,2.010
6195,248.6,2.000
6196,248.6,2.000
6197,248.6,2.000
6198,248.6,2.000
6199,248.6,2.000
6200,248.6,2.000
6201,248.6,2.000
6202,248.6,2.000
6203,248.6,2.000
6204,248.6,2.000
6205,248.6,2.000
6206,248.6,2.010
6207,248.6,2.000
6208,248.6,2.000
6209,248.6,2.000
6210,248.6,2.000
6211,248.6,2.010
6212,248.6,2.000
6213,248.6,1.990
6214,248.6,2.000
6215,248.6,2.010
6216,248.6,2.000
6217,248.6,2.000
6218,248.6,2.000
6219,248.6,2.010
6220,248.6,2.000
6221,248.6,2.000
6222,248.6,2.000
6223,248.6,2.010
6224,248.6,2.000
6225,248.6,2.000
6226,248.6,2.000
6227,248.6,2.010
6228,248.6,2.010
6229,248.6,2.000
6230,248.6,1.990
6231,248.6,2.000
6232,248.6,2.010
6233,248.6,2.000
6234,248.6,1.990
6235,248.6,2.000
6236,248.6,2.010
6237,248.6,2.010
6238,248.6,2.000
6239,248.6,1.990
6240,248.6,2.000
6241,248.6,2.010
6242,248.6,2.000
6243,248.6,2.000
6244,248.6,1.990
6245,248.6,2.000
6246,248.6,2.000
6247,248.6,2.000
6248,248.6,2.000
6249,248.7,2.000
6250,248.7,2.000
6251,248.6,1.990
6252,248.6,2.000
6253,248.7,2.010
6254,248.7,2.000
6255,248.7,2.000
6256,248.7,2.010
6257,248.7,2.000
6258,248.7,2.000
6259,248.7,2.000
6260,248.7,2.000
6261,248.7,1.990
6262,248.7,2.000
6263,248.7,2.000
6264,248.7,2.000
6265,248.7,1.990
6266,248.7,2.000
6267,248.7,2.000
6268,248.7,1.990
6269,248.7,2.000
6270,248.7,2.000
6271,248.7,2.000
6272,248.7,2.000
6273,248.7,2.010
6274,248.7,2.000
6275,248.7,2.000
6276,248.7,2.000
6277,248.7,2.000
6278,248.7,2.000
6279,248.7,2.000
6280,248.7,2.000
6281,248.7,2.000
6282,248.7,1.990
6283,248.7,2.000
6284,248.7,2.000
6285,248.7,1.990
6286,248.7,2.000
6287,248.7,2.000
6288,248.7,1.990
6289,248.7,1.990
6290,248.7,2.000
6291,248.7,2.000
6292,248.7,1.990
6293,248.7,2.000
6294,248.7,2.000
6295,248.7,2.000
6296,248.7,1.990
6297,248.7,2.000
6298,248.7,2.000
6299,248.7,1.990
6300,248.7,2.000
6301,248.7,2.000
6302,248.7,2.000
6303,248.7,1.990
6304,248.7,2.000
6305,248.7,2.000
6306,248.7,2.000
6307,248.7,1.990
6308,248.7,2.000
6309,248.7,2.000
6310,248.7,1.990
6311,248.7,1.990
6312,248.7,2.000
6313,248.7,2.000
6314,248.7,1.990
6315,248.7,2.000
6316,248.7,2.000
6317,248.7,2.000
6318,248.7,2.000
6319,248.7,2.000
6320,248.7,2.000
6321,248.7,1.990
6322,248.7,2.000
6323,248.7,2.000
6324,248.7,2.000
6325,248.7,1.990
6326,248.7,2.000
6327,248.7,2.000
6328,248.7,2.000
6329,248.7,2.000
6330,248.7,2.000
6331,248.7,2.000
6332,248.7,1.990
6333,248.7,2.000
6334,248.8,2.000
6335,248.8,2.000
6336,248.8,1.990
6337,248.8,2.000
6338,248.8,2.000
6339,248.8,1.990
6340,248.8,2.000
6341,248.8,2.000
6342,248.8,2.000
6343,248.8,1.990
6344,248.8,2.000
6345,248.8,2.000
6346,248.8,1.990
6347,248.8,1.990
6348,248.8,2.000
6349,248.8,2.000
6350,248.8,1.990
6351,248.8,2.000
6352,248.8,2.000
6353,248.8,2.000
6354,248.8,1.990
6355,248.8,1.990
6356,248.8,2.000
6357,248.8,2.000
6358,248.8,1.990
6359,248.8,1.990
6360,248.8,2.000
6361,248.8,2.000
6362,248.8,1.990
6363,248.8,2.000
6364,248.8,2.000
6365,248.8,2.000
6366,248.8,1.990
6367,248.8,1.990
6368,248.8,2.000
6369,248.8,2.000
6370,248.8,1.990
6371,248.8,2.000
6372,248.8,2.000
6373,248.8,2.000
6374,248.8,1.990
6375,248.8,1.990
6376,248.8,2.000
6377,248.8,2.000
6378,248.8,2.000
6379,248.8,1.990
6380,248.8,2.000
6381,248.8,2.000
6382,248.8,1.990
6383,248.8,2.000
6384,248.8,2.000
6385,248.8,1.990
6386,248.8,2.000
6387,248.8,2.000
6388,248.8,2.000
6389,248.8,1.990
6390,248.8,1.990
6391,248.8,2.000
6392,248.8,2.000
6393,248.8,1.990
6394,248.8,2.000
6395,248.8,2.000
6396,248.8,1.990
6397,248.8,1.990
6398,248.8,2.000
6399,248.8,1.990
6400,248.8,1.990
6401,248.8,2.000
6402,248.8,2.000
6403,248.8,1.990
6404,248.8,1.990
6405,248.8,2.000
6406,248.8,2.000
6407,248.8,1.990
6408,248.8,1.990
6409,248.8,2.000
6410,248.8,2.000
6411,248.8,1.990
6412,248.8,1.990
6413,248.8,2.000
6414,248.8,2.000
6415,248.8,1.990
6416,248.8,1.990
6417,248.8,2.000
6418,248.9,2.000
6419,248.8,1.990
6420,248.8,2.000
6421,248.8,2.000
6422,248.8,2.000
6423,248.8,1.990
6424,248.9,2.000
6425,248.9,2.000
6426,248.9,1.990
6427,248.9,1.990
6428,248.9,2.000
6429,248.9,2.000
6430,248.9,1.990
6431,248.9,1.990
6432,248.9,2.000
6433,248.9,2.000
6434,248.9,1.990
6435,248.9,1.990
6436,248.9,2.000
6437,248.9,2.000
6438,248.9,1.990
6439,248.9,1.990
6440,248.9,2.000
6441,248.9,2.000
6442,248.9,1.990
6443,248.9,1.990
6444,248.9,2.000
6445,248.9,2.000
6446,248.9,1.990
6447,248.9,2.000
6448,248.9,2.000
6449,248.9,1.990
6450,248.9,1.990
6451,248.9,2.000
6452,248.9,2.000
6453,248.9,1.990
6454,248.9,2.000
6455,248.9,2.000
6456,248.9,1.990
6457,248.9,1.990
6458,248.9,2.000
6459,248.9,2.000
6460,248.9,1.990
6461,248.9,1.990
6462,248.9,2.000
6463,248.9,2.000
6464,248.9,1.990
6465,248.9,1.990
6466,248.9,2.000
6467,248.9,1.990
6468,248.9,1.990
6469,248.9,1.990
6470,248.9,2.000
6471,248.9,1.990
6472,248.9,1.990
6473,248.9,2.000
6474,248.9,2.000
6475,248.9,1.990
6476,248.9,1.990
6477,248.9,2.000
6478,248.9,1.990
6479,248.9,1.990
6480,248.9,1.990
6481,248.9,2.000
6482,248.9,1.990
6483,248.9,1.990
6484,248.9,1.990
6485,248.9,2.000
6486,248.9,1.990
6487,248.9,1.990
6488,248.9,1.990
6489,248.9,2.000
6490,248.9,1.990
6491,248.9,1.990
6492,248.9,1.990
6493,248.9,2.000
6494,248.9,1.990
6495,248.9,1.990
6496,248.9,1.990
6497,248.9,2.000
6498,248.9,1.990
6499,248.9,1.990
6500,248.9,1.990
6501,248.9,2.000
6502,248.9,2.000
6503,248.9,1.990
6504,248.9,1.990
6505,248.9,1.990
6506,248.9,2.000
6507,248.9,1.990
6508,248.9,1.990
6509,248.9,1.990
6510,248.9,2.000
6511,248.9,1.990
6512,248.9,1.990
6513,248.9,1.990
6514,248.9,1.990
6515,248.9,1.990
6516,248.9,1.990
6517,248.9,2.000
6518,248.9,1.990
6519,248.9,1.990
6520,248.9,2.000
6521,248.9,1.990
6522,248.9,1.990
6523,248.9,1.990
6524,248.9,2.000
6525,248.9,1.990
6526,248.9,1.990
6527,248.9,1.990
6528,248.9,2.000
6529,248.9,1.990
6530,248.9,1.990
6531,248.9,1.990
6532,248.9,2.000
6533,248.9,1.990
6534,248.9,1.990
6535,248.9,2.000
6536,248.9,1.990
6537,248.9,1.990
6538,248.9,1.990
6539,248.9,2.000
6540,249.0,1.990
6541,249.0,1.990
6542,249.0,1.990
6543,249.0,2.000
6544,249.0,1.990
6545,249.0,1.990
6546,249.0,1.990
6547,249.0,2.000
6548,249.0,1.990
6549,249.0,1.990
6550,249.0,1.990
6551,249.0,2.000
6552,249.0,1.990
6553,249.0,1.990
6554,249.0,2.000
6555,249.0,1.990
6556,249.0,1.990
6557,249.0,1.990
6558,249.0,2.000
6559,249.0,1.990
6560,249.0,1.980
6561,249.0,1.990
6562,249.0,2.000
6563,249.0,1.990
6564,249.0,1.990
6565,249.0,1.990
6566,249.0,2.000
6567,249.0,1.990
6568,249.0,1.980
6569,249.0,1.990
6570,249.0,2.000
6571,249.0,1.990
6572,249.0,1.990
6573,249.0,1.990
6574,249.0,1.990
6575,249.0,1.990
6576,249.0,1.990
6577,249.0,1.990
6578,249.0,1.990
6579,249.0,1.990
6580,249.0,1.980
6581,249.0,1.990
6582,249.0,2.000
6583,249.0,1.990
6584,249.0,1.990
6585,249.0,2.000
6586,249.0,1.990
6587,249.0,1.980
6588,249.0,1.990
6589,249.0,1.990
6590,249.0,1.990
6591,249.0,1.990
6592,249.0,1.990
6593,249.0,1.990
6594,249.0,1.990
6595,249.0,1.980
6596,249.0,1.990
6597,249.0,1.990
6598,249.0,1.990
6599,249.0,1.980
6600,249.0,1.990
6601,249.1,1.990
6602,249.1,1.990
6603,249.1,1.990
6604,249.1,1.990
6605,249.1,1.990
6606,249.1,1.990
6607,249.1,1.990
6608,249.1,1.990
6609,249.1,1.990
6610,249.1,1.990
6611,249.1,1.980
6612,249.1,1.990
6613,249.1,1.990
6614,249.1,1.990
6615,249.1,1.980
6616,249.1,1.990
6617,249.1,1.990
6618,249.1,1.990
6619,249.1,1.990
6620,249.1,1.990
6621,249.1,1.990
6622,249.1,1.990
6623,249.1,1.980
6624,249.1,1.990
6625,249.1,1.990
6626,249.1,1.990
6627,249.1,1.990
6628,249.0,1.990
6629,249.0,1.990
6630,249.0,1.990
6631,249.0,1.980
6632,249.0,1.990
6633,249.0,2.000
6634,249.0,1.990
6635,249.0,1.980
6636,249.1,1.990
6637,249.1,1.990
6638,249.1,1.990
6639,249.1,1.990
6640,249.1,1.990
6641,249.1,1.990
6642,249.1,1.990
6643,249.1,1.980
6644,249.1,1.990
6645,249.1,1.990
6646,249.1,1.990
6647,249.1,1.980
6648,249.1,1.990
6649,249.1,1.990
6650,249.1,1.980
6651,249.1,1.980
6652,249.1,1.990
6653,249.1,1.990
6654,249.1,1.990
6655,249.1,1.980
6656,249.1,1.990
6657,249.1,1.990
6658,249.1,1.980
6659,249.1,1.990
6660,249.1,1.990
6661,249.1,1.990
6662,249.1,1.980
6663,249.1,1.990
6664,249.1,1.990
6665,249.1,1.990
6666,249.1,1.980
6667,249.1,1.990
6668,249.1,1.990
6669,249.1,1.990
6670,249.1,1.980
6671,249.1,1.990
6672,249.1,1.990
6673,249.1,1.990
6674,249.1,1.980
6675,249.1,1.990
6676,249.1,1.990
6677,249.1,1.990
6678,249.1,1.980
6679,249.1,1.990
6680,249.1,1.990
6681,249.1,1.990
6682,249.1,1.980
6683,249.1,1.990
6684,249.1,1.990
6685,249.1,1.990
6686,249.1,1.980
6687,249.1,1.990
6688,249.1,1.990
6689,249.1,1.990
6690,249.2,1.980
6691,249.1,1.990
6692,249.1,1.990
6693,249.1,1.990
6694,249.1,1.980
6695,249.1,1.990
6696,249.2,1.990
6697,249.2,1.990
6698,249.2,1.980
6699,249.2,1.990
6700,249.2,1.990
6701,249.2,1.990
6702,249.2,1.980
6703,249.2,1.990
6704,249.2,1.990
6705,249.2,2.000
6706,249.1,1.980
6707,249.2,1.990
6708,249.2,1.990
6709,249.2,1.990
6710,249.2,1.980
6711,249.2,1.990
6712,249.2,1.990
6713,249.2,1.990
6714,249.2,1.980
6715,249.2,1.990
6716,249.2,1.990
6717,249.2,1.990
6718,249.2,1.980
6719,249.2,1.980
6720,249.2,1.990
6721,249.2,1.990
6722,249.2,1.980
6723,249.2,1.980
6724,249.2,1.990
6725,249.2,1.990
6726,249.2,1.980
6727,249.2,1.980
6728,249.2,1.990
6729,249.2,1.990
6730,249.2,1.980
6731,249.2,1.980
6732,249.2,1.990
6733,249.2,1.990
6734,249.2,1.990
6735,249.2,1.980
6736,249.2,1.980
6737,249.2,1.990
6738,249.2,1.990
6739,249.2,1.980
6740,249.2,1.980
6741,249.2,1.990
6742,249.2,1.990
6743,249.2,1.980
6744,249.2,1.990
6745,249.2,1.990
6746,249.2,1.990
6747,249.2,1.980
6748,249.2,1.980
6749,249.2,1.990
6750,249.2,1.990
6751,249.2,1.980
6752,249.2,1.980
6753,249.2,1.990
6754,249.2,1.990
6755,249.2,1.980
6756,249.2,1.980
6757,249.2,1.990
6758,249.2,1.990
6759,249.2,1.990
6760,249.2,1.980
6761,249.2,1.980
6762,249.2,1.990
6763,249.2,1.990
6764,249.2,1.990
6765,249.2,1.980
6766,249.2,1.980
6767,249.2,1.990
6768,249.2,1.990
6769,249.2,1.980
6770,249.2,1.980
6771,249.2,1.980
6772,249.2,1.990
6773,249.2,1.980
6774,249.2,1.980
6775,249.2,1.990
6776,249.2,1.990
6777,249.2,1.980
6778,249.2,1.990
6779,249.2,1.990
6780,249.2,1.980
6781,249.2,1.980
6782,249.2,1.990
6783,249.2,1.990
6784,249.2,1.980
6785,249.2,1.990
6786,249.2,1.990
6787,249.2,1.980
6788,249.2,1.980
6789,249.2,1.990
6790,249.2,1.980
6791,249.2,1.980
6792,249.2,1.990
6793,249.2,1.990
6794,249.2,1.980
6795,249.2,1.980
6796,249.2,1.990
6797,249.2,1.990
6798,249.2,1.980
6799,249.2,1.980
6800,249.2,1.990
6801,249.2,1.980
6802,249.2,1.980
6803,249.2,1.990
6804,249.2,1.990
6805,249.2,1.990
6806,249.2,1.980
6807,249.2,1.990
6808,249.2,1.990
6809,249.2,1.980
6810,249.2,1.980
6811,249.3,1.990
6812,249.3,1.990
6813,249.2,1.980
6814,249.3,1.980
6815,249.3,1.990
6816,249.3,1.980
6817,249.3,1.980
6818,249.3,1.980
6819,249.3,1.990
6820,249.3,1.990
6821,249.3,1.980
6822,249.3,1.980
6823,249.3,1.990
6824,249.3,1.980
6825,249.3,1.980
6826,249.3,1.990
6827,249.3,1.990
6828,249.3,1.980
6829,249.3,1.980
6830,249.3,1.990
6831,249.3,1.990
6832,249.3,1.980
6833,249.3,1.980
6834,249.3,1.980
6835,249.3,1.990
6836,249.3,1.990
6837,249.3,1.980
6838,249.3,1.970
6839,249.3,1.970
6840,249.3,1.960
6841,249.3,1.960
6842,249.3,1.970
6843,249.3,1.970
6844,249.3,1.960
6845,249.3,1.960
6846,249.4,1.970
6847,249.4,1.960
6848,249.4,1.950
6849,249.5,1.960
6850,249.5,1.960
6851,249.6,1.950
6852,249.6,1.950
6853,249.7,1.950
6854,249.8,1.950
6855,249.8,1.940
6856,249.9,1.940
6857,250.0,1.940
6858,250.1,1.940
6859,250.2,1.930
6860,250.3,1.930
6861,250.4,1.930
6862,250.5,1.930
6863,250.6,1.920
6864,250.7,1.920
6865,250.8,1.920
6866,250.9,1.920
6867,251.0,1.920
6868,251.2,1.910
6869,251.3,1.900
6870,251.4,1.910
6871,251.5,1.900
6872,251.6,1.890
6873,251.8,1.900
6874,251.9,1.900
6875,252.0,1.890
6876,252.2,1.880
6877,252.3,1.890
6878,252.4,1.880
6879,252.6,1.870
6880,252.7,1.870
6881,252.9,1.880
6882,253.0,1.870
6883,253.2,1.860
6884,253.3,1.860
6885,253.4,1.870
6886,253.6,1.860
6887,253.8,1.850
6888,253.9,1.860
6889,254.1,1.860
6890,254.2,1.850
6891,254.4,1.840
6892,254.5,1.850
6893,254.7,1.850
6894,254.8,1.840
6895,255.0,1.830
6896,255.2,1.830
6897,255.4,1.840
6898,255.5,1.830
6899,255.7,1.820
6900,255.8,1.820
6901,256.0,1.830
6902,256.2,1.820
6903,256.4,1.810
6904,256.5,1.810
6905,256.7,1.820
6906,256.8,1.810
6907,257.0,1.810
6908,257.2,1.820
6909,257.4,1.810
6910,257.5,1.800
6911,257.7,1.800
6912,257.9,1.810
6913,258.0,1.800
6914,258.2,1.800
6915,258.4,1.800
6916,258.6,1.800
6917,258.7,1.800
6918,258.9,1.790
6919,259.1,1.800
6920,259.3,1.800
6921,259.5,1.790
6922,259.7,1.790
6923,259.8,1.790
6924,260.0,1.790
6925,260.2,1.790
6926,260.3,1.780
6927,260.6,1.790
6928,260.7,1.790
6929,260.9,1.790
6930,261.1,1.780
6931,261.2,1.780
6932,261.4,1.790
6933,261.6,1.780
6934,261.8,1.780
6935,262.0,1.780
6936,262.1,1.780
6937,262.3,1.780
6938,262.5,1.770
6939,262.7,1.780
6940,262.9,1.780
6941,263.0,1.770
6942,263.2,1.770
6943,263.4,1.780
6944,263.6,1.780
6945,263.8,1.770
6946,264.0,1.770
6947,264.2,1.780
6948,264.3,1.780
6949,264.5,1.770
6950,264.7,1.770
6951,264.9,1.770
6952,265.1,1.780
6953,265.2,1.770
6954,265.4,1.770
6955,265.6,1.770
6956,265.8,1.780
6957,266.0,1.770
6958,266.2,1.770
6959,266.3,1.770
6960,266.5,1.780
6961,266.7,1.770
6962,266.9,1.760
6963,267.1,1.770
6964,267.2,1.770
6965,267.4,1.770
6966,267.6,1.760
6967,267.7,1.770
6968,268.0,1.770
6969,268.1,1.770
6970,268.3,1.760
6971,268.5,1.770
6972,268.6,1.770
6973,268.8,1.760
6974,269.0,1.760
6975,269.2,1.770
6976,269.4,1.770
6977,269.5,1.760
6978,269.7,1.760
6979,269.9,1.770
6980,270.1,1.770
6981,270.3,1.760
6982,270.4,1.770
6983,270.6,1.770
6984,270.8,1.770
6985,270.9,1.760
6986,271.1,1.760
6987,271.3,1.770
6988,271.5,1.770
6989,271.7,1.760
6990,271.8,1.760
6991,272.0,1.770
6992,272.2,1.770
6993,272.3,1.760
6994,272.5,1.760
6995,272.7,1.770
6996,272.9,1.770
6997,273.0,1.760
6998,273.2,1.760
6999,273.4,1.760
7000,273.6,1.770
7001,273.7,1.760
7002,273.9,1.760
7003,274.1,1.760
7004,274.3,1.770
7005,274.4,1.760
7006,274.6,1.760
7007,274.8,1.760
7008,274.9,1.770
7009,275.1,1.770
7010,275.3,1.760
7011,275.5,1.760
7012,275.6,1.760
7013,275.8,1.770
7014,276.0,1.760
7015,276.2,1.760
7016,276.3,1.760
7017,276.5,1.760
7018,276.7,1.760
7019,276.8,1.760
7020,277.0,1.760
7021,277.2,1.760
7022,277.4,1.760
7023,277.5,1.760
7024,277.7,1.760
7025,277.8,1.760
7026,278.0,1.760
7027,278.2,1.760
7028,278.4,1.760
7029,278.5,1.750
7030,278.7,1.760
7031,278.9,1.760
7032,279.0,1.760
7033,279.2,1.760
7034,279.4,1.750
7035,279.6,1.760
7036,279.7,1.760
7037,279.9,1.760
7038,280.0,1.760
7039,280.2,1.760
7040,280.4,1.760
7041,280.5,1.750
7042,280.7,1.760
7043,280.8,1.760
7044,281.0,1.760
7045,281.1,1.750
7046,281.3,1.760
7047,281.4,1.760
7048,281.5,1.760
7049,281.5,1.750
7050,281.6,1.760
7051,281.7,1.760
7052,281.7,1.750
7053,281.8,1.760
7054,281.8,1.760
7055,281.9,1.760
7056,281.9,1.750
7057,281.9,1.760
7058,281.9,1.760
7059,281.9,1.760
7060,281.9,1.750
7061,281.8,1.760
7062,281.8,1.760
7063,281.7,1.760
7064,281.7,1.750
7065,281.7,1.760
7066,281.6,1.760
7067,281.5,1.760
7068,281.5,1.760
7069,281.4,1.760
7070,281.3,1.760
7071,281.2,1.760
7072,281.1,1.750
7073,281.0,1.760
7074,280.9,1.760
7075,280.8,1.750
7076,280.7,1.760
7077,280.6,1.770
7078,280.5,1.760
7079,280.3,1.760
7080,280.2,1.760
7081,280.1,1.760
7082,279.9,1.760
7083,279.8,1.760
7084,279.7,1.760
7085,279.5,1.760
7086,279.4,1.760
7087,279.2,1.760
7088,279.1,1.760
7089,278.9,1.760
7090,278.8,1.760
7091,278.6,1.760
7092,278.4,1.760
7093,278.3,1.760
7094,278.1,1.760
7095,278.0,1.760
7096,277.8,1.760
7097,277.7,1.760
7098,277.5,1.760
7099,277.3,1.770
7100,277.1,1.760
7101,277.0,1.760
7102,276.8,1.770
7103,276.6,1.760
7104,276.4,1.760
7105,276.2,1.760
7106,276.1,1.770
7107,275.9,1.760
7108,275.7,1.760
7109,275.5,1.760
7110,275.3,1.770
7111,275.1,1.760
7112,274.9,1.760
7113,274.7,1.760
7114,274.5,1.770
7115,274.4,1.760
7116,274.1,1.760
7117,273.9,1.760
7118,273.8,1.770
7119,273.6,1.760
7120,273.4,1.760
7121,273.2,1.760
7122,273.0,1.770
7123,272.8,1.770
7124,272.6,1.760
7125,272.4,1.760
7126,272.2,1.770
7127,272.0,1.770
7128,271.8,1.770
7129,271.6,1.760
7130,271.4,1.760
7131,271.2,1.770
7132,271.0,1.770
7133,270.8,1.760
7134,270.6,1.770
7135,270.4,1.770
7136,270.2,1.770
7137,270.0,1.760
7138,269.8,1.770
7139,269.6,1.770
7140,269.3,1.770
7141,269.1,1.770
7142,268.9,1.760
7143,268.7,1.780
7144,268.5,1.770
7145,268.3,1.770
7146,268.1,1.770
7147,267.9,1.770
7148,267.7,1.780
7149,267.5,1.770
7150,267.3,1.770
7151,267.0,1.770
7152,266.8,1.780
7153,266.7,1.780
7154,266.5,1.770
7155,266.3,1.770
7156,266.1,1.780
7157,265.8,1.780
7158,265.6,1.780
7159,265.4,1.770
7160,265.2,1.780
7161,265.0,1.780
7162,264.8,1.790
7163,264.6,1.780
7164,264.4,1.780
7165,264.2,1.780
7166,264.0,1.790
7167,263.8,1.790
7168,263.6,1.780
7169,263.3,1.790
7170,263.1,1.800
7171,262.9,1.790
7172,262.7,1.790
7173,262.5,1.790
7174,262.3,1.810
7175,262.1,1.800
7176,261.9,1.790
7177,261.7,1.800
7178,261.5,1.810
7179,261.3,1.800
7180,261.1,1.800
7181,260.8,1.810
7182,260.7,1.810
7183,260.5,1.810
7184,260.3,1.810
7185,260.1,1.810
7186,259.9,1.820
7187,259.6,1.820
7188,259.4,1.820
7189,259.2,1.820
7190,259.0,1.830
7191,258.8,1.840
7192,258.6,1.830
7193,258.4,1.830
7194,258.2,1.840
7195,258.0,1.850
7196,257.8,1.850
7197,257.6,1.850
7198,257.4,1.850
7199,257.2,1.870
7200,257.0,1.870
7201,256.8,1.860
7202,256.6,1.870
7203,256.4,1.880
7204,256.1,1.880
7205,256.0,1.880
7206,255.8,1.880
7207,255.6,1.900
7208,255.4,1.900
7209,255.2,1.900
7210,254.9,1.900
7211,254.7,1.910
7212,254.6,1.920
7213,254.4,1.930
7214,254.2,1.920
7215,254.0,1.930
7216,253.7,1.940
7217,253.5,1.950
7218,253.3,1.940
7219,253.2,1.950
7220,253.0,1.960
7221,252.8,1.970
7222,252.5,1.960
7223,252.4,1.960
7224,252.2,1.970
7225,252.0,1.980
7226,251.8,1.990
7227,251.6,1.990
7228,251.4,1.990
7229,251.2,1.990
7230,251.0,2.000
7231,250.8,2.010
7232,250.6,2.010
7233,250.4,2.010
7234,250.2,2.020
7235,250.0,2.030
7236,249.8,2.020
7237,249.6,2.020
7238,249.4,2.040
7239,249.2,2.040
7240,249.0,2.040
7241,248.8,2.040
7242,248.6,2.050
7243,248.4,2.060
7244,248.2,2.050
7245,248.0,2.050
7246,247.8,2.060
7247,247.6,2.070
7248,247.4,2.070
7249,247.3,2.070
7250,247.1,2.070
7251,246.9,2.080
7252,246.6,2.080
7253,246.5,2.080
7254,246.3,2.080
7255,246.1,2.080
7256,245.9,2.090
7257,245.7,2.100
7258,245.5,2.090
7259,245.3,2.090
7260,245.1,2.100
7261,244.9,2.100
7262,244.8,2.110
7263,244.6,2.110
7264,244.4,2.100
7265,244.2,2.110
7266,244.0,2.120
7267,243.8,2.120
7268,243.6,2.110
7269,243.4,2.120
7270,243.2,2.130
7271,243.0,2.130
7272,242.8,2.130
7273,242.7,2.130
7274,242.5,2.130
7275,242.3,2.140
7276,242.1,2.140
7277,241.9,2.140
7278,241.7,2.140
7279,241.5,2.140
7280,241.4,2.150
7281,241.1,2.150
7282,241.0,2.150
7283,240.8,2.150
7284,240.6,2.150
7285,240.4,2.160
7286,240.3,2.160
7287,240.0,2.160
7288,239.9,2.150
7289,239.7,2.160
7290,239.5,2.170
7291,239.3,2.170
7292,239.2,2.170
7293,238.9,2.160
7294,238.8,2.170
7295,238.6,2.180
7296,238.4,2.180
7297,238.2,2.170
7298,238.1,2.170
7299,237.8,2.180
7300,237.7,2.190
7301,237.5,2.190
7302,237.3,2.180
7303,237.1,2.180
7304,237.0,2.190
7305,236.7,2.190
7306,236.6,2.200
7307,236.4,2.190
7308,236.2,2.190
7309,236.1,2.190
7310,235.9,2.190
7311,235.7,2.200
7312,235.5,2.210
7313,235.3,2.200
7314,235.1,2.200
7315,235.0,2.200
7316,234.8,2.200
7317,234.6,2.210
7318,234.4,2.210
7319,234.2,2.210
7320,234.1,2.210
7321,233.9,2.200
7322,233.7,2.210
7323,233.5,2.210
7324,233.3,2.220
7325,233.2,2.220
7326,233.0,2.220
7327,232.8,2.210
7328,232.7,2.210
7329,232.5,2.210
7330,232.3,2.220
7331,232.1,2.230
7332,231.9,2.220
7333,231.8,2.220
7334,231.6,2.220
7335,231.4,2.220
7336,231.2,2.230
7337,231.1,2.230
7338,230.9,2.230
7339,230.7,2.220
7340,230.5,2.220
7341,230.4,2.230
7342,230.2,2.230
7343,230.0,2.240
7344,229.9,2.240
7345,229.7,2.240
7346,229.5,2.230
7347,229.3,2.230
7348,229.2,2.230
7349,229.0,2.240
7350,228.8,2.240
7351,228.7,2.240
7352,228.5,2.240
7353,228.3,2.230
7354,228.2,2.230
7355,228.0,2.240
7356,227.8,2.250
7357,227.7,2.250
7358,227.5,2.250
7359,227.3,2.240
7360,227.2,2.240
7361,227.0,2.240
7362,226.8,2.240
7363,226.7,2.250
7364,226.5,2.250
7365,226.3,2.250
7366,226.2,2.240
7367,226.0,2.240
7368,225.8,2.250
7369,225.7,2.260
7370,225.5,2.260
7371,225.3,2.250
7372,225.2,2.240
7373,225.0,2.250
7374,224.8,2.250
7375,224.7,2.260
7376,224.5,2.260
7377,224.3,2.260
7378,224.2,2.260
7379,224.0,2.250
7380,223.9,2.250
7381,223.7,2.250
7382,223.5,2.260
7383,223.3,2.260
7384,223.2,2.260
7385,223.0,2.250
7386,222.9,2.250
7387,222.7,2.260
7388,222.5,2.260
7389,222.3,2.270
7390,222.2,2.270
7391,222.0,2.260
7392,221.9,2.260
7393,221.7,2.260
7394,221.5,2.260
7395,221.4,2.260
7396,221.2,2.270
7397,221.1,2.270
7398,220.9,2.260
7399,220.7,2.260
7400,220.6,2.260
7401,220.4,2.260
7402,220.2,2.260
7403,220.1,2.270
7404,219.9,2.280
7405,219.7,2.270
7406,219.6,2.270
7407,219.4,2.260
7408,219.3,2.260
7409,219.1,2.260
7410,219.0,2.270
7411,218.8,2.270
7412,218.6,2.280
7413,218.5,2.270
7414,218.3,2.270
7415,218.2,2.260
7416,218.0,2.260
7417,217.9,2.270
7418,217.7,2.270
7419,217.6,2.280
7420,217.4,2.280
7421,217.3,2.270
7422,217.1,2.270
7423,216.9,2.260
7424,216.8,2.270
7425,216.6,2.270
7426,216.5,2.270
7427,216.4,2.280
7428,216.2,2.280
7429,216.0,2.270
7430,215.9,2.270
7431,215.7,2.270
7432,215.6,2.280
7433,215.4,2.280
7434,215.3,2.280
7435,215.1,2.270
7436,214.9,2.270
7437,214.8,2.270
7438,214.6,2.270
7439,214.5,2.280
7440,214.3,2.280
7441,214.2,2.280
7442,214.0,2.270
7443,213.9,2.270
7444,213.7,2.270
7445,213.6,2.280
7446,213.4,2.280
7447,213.3,2.280
7448,213.1,2.280
7449,213.0,2.270
7450,212.8,2.270
7451,212.7,2.270
7452,212.5,2.280
7453,212.4,2.280
7454,212.2,2.280
7455,212.1,2.280
7456,211.9,2.270
7457,211.8,2.270
7458,211.6,2.270
7459,211.4,2.280
7460,211.3,2.280
7461,211.2,2.280
7462,211.0,2.280
7463,210.9,2.270
7464,210.7,2.270
7465,210.5,2.280
7466,210.4,2.280
7467,210.3,2.290
7468,210.1,2.280
7469,210.0,2.280
7470,209.8,2.270
7471,209.7,2.270
7472,209.5,2.270
7473,209.4,2.280
7474,209.2,2.290
7475,209.1,2.290
7476,208.9,2.280
7477,208.8,2.280
7478,208.6,2.270
7479,208.5,2.270
7480,208.4,2.280
7481,208.2,2.290
7482,208.1,2.290
7483,207.9,2.290
7484,207.8,2.280
7485,207.6,2.280
7486,207.5,2.270
7487,207.4,2.270
7488,207.2,2.280
7489,207.0,2.280
7490,206.9,2.290
7491,206.8,2.290
7492,206.6,2.290
7493,206.5,2.280
7494,206.3,2.270
7495,206.2,2.280
7496,206.0,2.280
7497,205.9,2.290
7498,205.8,2.290
7499,205.6,2.280
7500,205.5,2.280
7501,205.3,2.280
7502,205.2,2.280
7503,205.0,2.280
7504,204.9,2.290
7505,204.8,2.290
7506,204.6,2.290
7507,204.5,2.280
7508,204.3,2.280
7509,204.2,2.270
7510,204.0,2.280
7511,203.9,2.290
7512,203.7,2.290
7513,203.6,2.290
7514,203.5,2.280
7515,203.3,2.280
7516,203.2,2.280
7517,203.1,2.280
7518,202.9,2.280
7519,202.8,2.290
7520,202.6,2.290
7521,202.5,2.300
7522,202.4,2.290
7523,202.2,2.280
7524,202.1,2.280
7525,201.9,2.280
7526,201.8,2.280
7527,201.7,2.290
7528,201.5,2.290
7529,201.4,2.290
7530,201.3,2.280
7531,201.1,2.280
7532,201.0,2.280
7533,200.9,2.280
7534,200.7,2.280
7535,200.6,2.290
7536,200.4,2.290
7537,200.3,2.290
7538,200.2,2.280
7539,200.1,2.280
7540,199.9,2.280
7541,199.8,2.280
7542,199.6,2.280
7543,199.5,2.290
7544,199.4,2.290
7545,199.2,2.290
7546,199.1,2.290
7547,198.9,2.280
7548,198.8,2.280
7549,198.7,2.280
7550,198.6,2.280
7551,198.4,2.280
7552,198.3,2.280
7553,198.1,2.290
7554,198.0,2.290
7555,197.9,2.290
7556,197.8,2.290
7557,197.6,2.290
7558,197.5,2.290
7559,197.4,2.280
7560,197.2,2.280
7561,197.1,2.280
7562,197.0,2.290
7563,196.8,2.290
7564,196.7,2.280
7565,196.6,2.280
7566,196.4,2.280
7567,196.3,2.280
7568,196.2,2.290
7569,196.0,2.290
7570,195.9,2.290
7571,195.8,2.280
7572,195.6,2.280
7573,195.5,2.280
7574,195.4,2.290
7575,195.3,2.290
7576,195.1,2.290
7577,195.0,2.280
7578,194.9,2.280
7579,194.7,2.280
7580,194.6,2.280
7581,194.5,2.290
7582,194.4,2.290
7583,194.2,2.290
7584,194.1,2.280
7585,194.0,2.280
7586,193.9,2.280
7587,193.7,2.280
7588,193.6,2.290
7589,193.5,2.290
7590,193.3,2.290
7591,193.2,2.280
7592,193.1,2.280
7593,193.0,2.280
7594,192.8,2.280
7595,192.7,2.280
7596,192.6,2.290
7597,192.4,2.290
7598,192.3,2.290
7599,192.2,2.280
7600,192.0,2.280
7601,191.9,2.280
7602,191.8,2.280
7603,191.7,2.290
7604,191.6,2.290
7605,191.4,2.290
7606,191.3,2.290
7607,191.2,2.280
7608,191.0,2.280
7609,190.9,2.280
7610,190.8,2.280
7611,190.7,2.290
7612,190.5,2.290
7613,190.4,2.290
7614,190.3,2.290
7615,190.2,2.280
7616,190.1,2.280
7617,189.9,2.280
7618,189.8,2.280
7619,189.7,2.280
7620,189.6,2.290
7621,189.4,2.290
7622,189.3,2.290
7623,189.2,2.280
7624,189.1,2.280
7625,188.9,2.280
7626,188.8,2.280
7627,188.7,2.290
7628,188.6,2.290
7629,188.5,2.290
7630,188.3,2.290
7631,188.2,2.280
7632,188.1,2.280
7633,188.0,2.280
7634,187.8,2.280
7635,187.7,2.280
7636,187.6,2.290
7637,187.5,2.290
7638,187.4,2.280
7639,187.2,2.280
7640,187.1,2.280
7641,187.0,2.280
7642,186.9,2.280
7643,186.8,2.290
7644,186.6,2.290
7645,186.5,2.290
7646,186.4,2.290
7647,186.3,2.290
7648,186.1,2.280
7649,186.0,2.270
7650,185.9,2.280
7651,185.8,2.280
7652,185.7,2.290
7653,185.5,2.290
7654,185.4,2.290
7655,185.3,2.290
7656,185.2,2.280
7657,185.1,2.290
7658,185.0,2.280
7659,184.8,2.280
7660,184.7,2.290
7661,184.6,2.290
7662,184.5,2.290
7663,184.4,2.280
7664,184.2,2.280
7665,184.1,2.280
7666,184.0,2.280
7667,183.9,2.280
7668,183.8,2.290
7669,183.7,2.290
7670,183.6,2.290
7671,183.4,2.290
7672,183.3,2.280
7673,183.2,2.280
7674,183.1,2.280
7675,183.0,2.280
7676,182.9,2.280
7677,182.7,2.280
7678,182.6,2.290
7679,182.5,2.290
7680,182.4,2.290
7681,182.3,2.280
7682,182.2,2.280
7683,182.0,2.280
7684,181.9,2.280
7685,181.8,2.280
7686,181.7,2.290
7687,181.6,2.290
7688,181.5,2.290
7689,181.3,2.290
7690,181.2,2.280
7691,181.1,2.280
7692,181.0,2.280
7693,180.9,2.280
7694,180.8,2.290
7695,180.7,2.290
7696,180.5,2.280
7697,180.4,2.280
7698,180.3,2.280
7699,180.2,2.280
7700,180.1,2.290
7701,180.0,2.290
7702,179.9,2.280
7703,179.8,2.280
7704,179.7,2.270
7705,179.6,2.280
7706,179.4,2.280
7707,179.3,2.290
7708,179.2,2.290
7709,179.1,2.280
7710,179.0,2.280
7711,178.9,2.270
7712,178.7,2.280
7713,178.6,2.280
7714,178.5,2.280
7715,178.4,2.290
7716,178.3,2.290
7717,178.2,2.290
7718,178.1,2.280
7719,178.0,2.280
7720,177.9,2.270
7721,177.8,2.270
7722,177.7,2.280
7723,177.5,2.290
7724,177.4,2.290
7725,177.3,2.280
7726,177.2,2.280
7727,177.1,2.270
7728,177.0,2.270
7729,176.9,2.280
7730,176.8,2.280
7731,176.7,2.290
7732,176.5,2.290
7733,176.4,2.290
7734,176.3,2.280
7735,176.2,2.280
7736,176.1,2.280
7737,176.0,2.270
7738,175.9,2.280
7739,175.8,2.280
7740,175.7,2.290
7741,175.6,2.290
7742,175.4,2.290
7743,175.3,2.290
7744,175.2,2.280
7745,175.1,2.280
7746,175.0,2.270
7747,174.9,2.270
7748,174.8,2.280
7749,174.7,2.280
7750,174.6,2.290
7751,174.5,2.290
7752,174.4,2.290
7753,174.3,2.280
7754,174.1,2.280
7755,174.0,2.280
7756,173.9,2.270
7757,173.8,2.280
7758,173.7,2.280
7759,173.6,2.290
7760,173.5,2.290
7761,173.4,2.280
7762,173.3,2.280
7763,173.2,2.280
7764,173.1,2.280
7765,173.0,2.280
7766,172.9,2.280
7767,172.8,2.290
7768,172.7,2.290
7769,172.6,2.290
7770,172.5,2.280
7771,172.4,2.280
7772,172.2,2.270
7773,172.1,2.280
7774,172.0,2.280
7775,171.9,2.290
7776,171.8,2.290
7777,171.7,2.290
7778,171.6,2.280
7779,171.5,2.280
7780,171.4,2.270
7781,171.3,2.270
7782,171.2,2.280
7783,171.1,2.280
7784,171.0,2.290
7785,170.9,2.290
7786,170.8,2.280
7787,170.7,2.280
7788,170.6,2.280
7789,170.5,2.280
7790,170.4,2.280
7791,170.3,2.280
7792,170.2,2.290
7793,170.1,2.290
7794,170.0,2.290
7795,169.9,2.280
7796,169.8,2.280
7797,169.7,2.270
7798,169.6,2.280
7799,169.5,2.280
7800,169.4,2.280
7801,169.3,2.290
7802,169.2,2.290
7803,169.1,2.290
7804,169.0,2.280
7805,168.9,2.280
7806,168.8,2.280
7807,168.6,2.280
7808,168.6,2.280
7809,168.5,2.280
7810,168.4,2.280
7811,168.3,2.280
7812,168.2,2.290
7813,168.1,2.290
7814,167.9,2.290
7815,167.9,2.280
7816,167.8,2.280
7817,167.7,2.280
7818,167.6,2.280
7819,167.4,2.280
7820,167.3,2.280
7821,167.2,2.280
7822,167.1,2.290
7823,167.0,2.290
7824,166.9,2.280
7825,166.8,2.280
7826,166.7,2.280
7827,166.7,2.280
7828,166.5,2.290
7829,166.5,2.290
7830,166.4,2.280
7831,166.2,2.280
7832,166.1,2.280
7833,166.1,2.270
7834,166.0,2.280
7835,165.9,2.290
7836,165.8,2.290
7837,165.7,2.280
7838,165.6,2.280
7839,165.5,2.280
7840,165.4,2.280
7841,165.3,2.280
7842,165.2,2.290
7843,165.1,2.290
7844,165.0,2.280
7845,164.9,2.280
7846,164.8,2.280
7847,164.7,2.280
7848,164.6,2.280
7849,164.5,2.290
7850,164.4,2.290
7851,164.3,2.290
7852,164.3,2.280
7853,164.2,2.280
7854,164.1,2.280
7855,164.0,2.280
7856,163.9,2.280
7857,163.8,2.290
7858,163.7,2.290
7859,163.6,2.280
7860,163.5,2.280
7861,163.4,2.280
7862,163.3,2.280
7863,163.2,2.280
7864,163.1,2.290
7865,163.0,2.290
7866,162.9,2.280
7867,162.8,2.280
7868,162.7,2.270
7869,162.6,2.280
7870,162.5,2.280
7871,162.4,2.290
7872,162.3,2.290
7873,162.2,2.290
7874,162.1,2.280
7875,162.0,2.280
7876,161.9,2.280
7877,161.9,2.280
7878,161.7,2.280
7879,161.7,2.290
7880,161.6,2.290
7881,161.5,2.290
7882,161.4,2.280
7883,161.3,2.280
7884,161.2,2.270
7885,161.1,2.270
7886,161.0,2.280
7887,160.9,2.280
7888,160.8,2.290
7889,160.8,2.290
7890,160.6,2.290
7891,160.6,2.280
7892,160.5,2.270
7893,160.4,2.270
7894,160.3,2.280
7895,160.2,2.290
7896,160.1,2.290
7897,160.0,2.290
7898,159.9,2.280
7899,159.8,2.280
7900,159.7,2.270
7901,159.6,2.270
7902,159.5,2.280
7903,159.5,2.290
7904,159.4,2.290
7905,159.3,2.280
7906,159.2,2.280
7907,159.1,2.270
7908,159.0,2.270
7909,158.9,2.280
7910,158.8,2.280
7911,158.7,2.290
7912,158.6,2.290
7913,158.5,2.280
7914,158.4,2.280
7915,158.4,2.280
7916,158.3,2.270
7917,158.2,2.280
7918,158.1,2.280
7919,158.0,2.280
7920,157.9,2.290
7921,157.8,2.290
7922,157.7,2.280
7923,157.6,2.280
7924,157.5,2.270
7925,157.4,2.280
7926,157.4,2.280
7927,157.3,2.290
7928,157.2,2.290
7929,157.1,2.290
7930,157.0,2.280
7931,156.9,2.280
7932,156.8,2.270
7933,156.7,2.270
7934,156.7,2.280
7935,156.6,2.280
7936,156.5,2.290
7937,156.4,2.290
7938,156.3,2.290
7939,156.2,2.290
7940,156.1,2.280
7941,156.0,2.270
7942,155.9,2.270
7943,155.8,2.270
7944,155.8,2.280
7945,155.7,2.290
7946,155.6,2.290
7947,155.5,2.290
7948,155.4,2.290
7949,155.3,2.280
7950,155.2,2.280
7951,155.1,2.280
7952,155.1,2.270
7953,155.0,2.280
7954,154.9,2.290
7955,154.8,2.290
7956,154.7,2.280
7957,154.6,2.280
7958,154.5,2.270
7959,154.4,2.270
7960,154.4,2.280
7961,154.3,2.290
7962,154.2,2.290
7963,154.1,2.290
7964,154.0,2.280
7965,153.9,2.280
7966,153.8,2.270
7967,153.7,2.280
7968,153.6,2.280
7969,153.6,2.280
7970,153.5,2.290
7971,153.4,2.290
7972,153.3,2.280
7973,153.2,2.280
7974,153.1,2.270
7975,153.0,2.270
7976,153.0,2.280
7977,152.9,2.280
7978,152.8,2.290
7979,152.7,2.290
7980,152.6,2.290
7981,152.5,2.280
7982,152.5,2.280
7983,152.4,2.280
7984,152.3,2.270
7985,152.2,2.280
7986,152.1,2.280
7987,152.0,2.290
7988,151.9,2.290
7989,151.9,2.280
7990,151.8,2.280
7991,151.7,2.270
7992,151.6,2.270
7993,151.5,2.280
7994,151.4,2.280
7995,151.4,2.290
7996,151.3,2.290
7997,151.2,2.280
7998,151.1,2.280
7999,151.0,2.270
8000,150.9,2.270
8001,150.9,2.270
8002,150.8,2.280
8003,150.7,2.280
8004,150.6,2.290
8005,150.5,2.290
8006,150.4,2.290
8007,150.4,2.290
8008,150.3,2.280
8009,150.2,2.270
8010,150.1,2.270
8011,150.0,2.280
8012,149.9,2.280
8013,149.9,2.290
8014,149.8,2.290
8015,149.7,2.290
8016,149.6,2.280
8017,149.5,2.280
8018,149.5,2.270
8019,149.4,2.270
8020,149.3,2.280
8021,149.2,2.290
8022,149.1,2.290
8023,149.0,2.290
8024,149.0,2.280
8025,148.9,2.280
8026,148.8,2.270
8027,148.7,2.270
8028,148.6,2.280
8029,148.6,2.290
8030,148.5,2.290
8031,148.4,2.290
8032,148.3,2.280
8033,148.2,2.280
8034,148.1,2.270
8035,148.1,2.270
8036,148.0,2.270
8037,147.9,2.280
8038,147.8,2.280
8039,147.7,2.290
8040,147.6,2.290
8041,147.6,2.280
8042,147.5,2.280
8043,147.4,2.270
8044,147.3,2.270
8045,147.3,2.270
8046,147.2,2.270
8047,147.1,2.280
8048,147.0,2.280
8049,146.9,2.290
8050,146.9,2.290
8051,146.8,2.280
8052,146.7,2.280
8053,146.6,2.270
8054,146.5,2.270
8055,146.4,2.270
8056,146.4,2.270
8057,146.3,2.280
8058,146.2,2.280
8059,146.1,2.280
8060,146.1,2.290
8061,146.0,2.290
8062,145.9,2.280
8063,145.8,2.280
8064,145.7,2.280
8065,145.7,2.280
8066,145.6,2.270
8067,145.5,2.270
8068,145.4,2.280
8069,145.3,2.280
8070,145.3,2.290
8071,145.2,2.290
8072,145.1,2.290
8073,145.0,2.280
8074,144.9,2.280
8075,144.9,2.280
8076,144.8,2.270
8077,144.7,2.270
8078,144.6,2.270
8079,144.5,2.280
8080,144.5,2.280
8081,144.4,2.280
8082,144.3,2.290
8083,144.2,2.290
8084,144.1,2.280
8085,144.0,2.270
8086,144.0,2.270
8087,143.9,2.280
8088,143.8,2.290
8089,143.8,2.290
8090,143.7,2.280
8091,143.6,2.280
8092,143.5,2.270
8093,143.5,2.270
8094,143.4,2.280
8095,143.3,2.280
8096,143.2,2.290
8097,143.1,2.280
8098,143.1,2.280
8099,143.0,2.270
8100,142.9,2.270
8101,142.8,2.280
8102,142.8,2.290
8103,142.7,2.290
8104,142.6,2.280
8105,142.5,2.280
8106,142.4,2.270
8107,142.4,2.270
8108,142.3,2.270
8109,142.2,2.270
8110,142.1,2.280
8111,142.1,2.280
8112,142.0,2.290
8113,141.9,2.280
8114,141.8,2.280
8115,141.7,2.270
8116,141.7,2.270
8117,141.6,2.270
8118,141.5,2.280
8119,141.5,2.290
8120,141.4,2.280
8121,141.3,2.280
8122,141.2,2.270
8123,141.2,2.270
8124,141.1,2.270
8125,141.0,2.280
8126,140.9,2.280
8127,140.9,2.280
8128,140.8,2.290
8129,140.7,2.280
8130,140.6,2.280
8131,140.6,2.270
8132,140.5,2.270
8133,140.4,2.270
8134,140.3,2.280
8135,140.3,2.280
8136,140.2,2.290
8137,140.1,2.290
8138,140.0,2.280
8139,140.0,2.270
8140,139.9,2.270
8141,139.8,2.270
8142,139.7,2.280
8143,139.7,2.280
8144,139.6,2.280
8145,139.5,2.290
8146,139.4,2.290
8147,139.4,2.280
8148,139.3,2.280
8149,139.2,2.270
8150,139.1,2.270
8151,139.1,2.280
8152,139.0,2.280
8153,138.9,2.280
8154,138.9,2.290
8155,138.8,2.280
8156,138.7,2.280
8157,138.6,2.270
8158,138.6,2.270
8159,138.5,2.270
8160,138.4,2.280
8161,138.3,2.290
8162,138.3,2.290
8163,138.2,2.280
8164,138.1,2.280
8165,138.0,2.270
8166,138.0,2.270
8167,137.9,2.270
8168,137.8,2.270
8169,137.8,2.280
8170,137.7,2.280
8171,137.6,2.280
8172,137.5,2.290
8173,137.5,2.290
8174,137.4,2.280
8175,137.3,2.280
8176,137.2,2.280
8177,137.2,2.270
8178,137.1,2.270
8179,137.0,2.280
8180,137.0,2.280
8181,136.9,2.280
8182,136.8,2.290
8183,136.8,2.280
8184,136.7,2.280
8185,136.6,2.280
8186,136.5,2.270
8187,136.5,2.270
8188,136.4,2.270
8189,136.3,2.270
8190,136.3,2.280
8191,136.2,2.280
8192,136.1,2.290
8193,136.0,2.290
8194,136.0,2.280
8195,135.9,2.280
8196,135.8,2.270
8197,135.7,2.270
8198,135.7,2.270
8199,135.6,2.280
8200,135.5,2.280
8201,135.5,2.280
8202,135.4,2.290
8203,135.3,2.290
8204,135.2,2.280
8205,135.2,2.280
8206,135.1,2.280
8207,135.0,2.270
8208,135.0,2.270
8209,134.9,2.270
8210,134.8,2.270
8211,134.7,2.280
8212,134.7,2.280
8213,134.6,2.280
8214,134.5,2.290
8215,134.4,2.280
8216,134.4,2.280
8217,134.3,2.270
8218,134.2,2.270
8219,134.2,2.270
8220,134.1,2.280
8221,134.0,2.280
8222,134.0,2.290
8223,133.9,2.280
8224,133.8,2.280
8225,133.8,2.280
8226,133.7,2.270
8227,133.6,2.270
8228,133.5,2.280
8229,133.5,2.280
8230,133.4,2.280
8231,133.3,2.280
8232,133.3,2.290
8233,133.2,2.280
8234,133.1,2.280
8235,133.1,2.270
8236,133.0,2.270
8237,132.9,2.270
8238,132.9,2.280
8239,132.8,2.280
8240,132.7,2.290
8241,132.7,2.280
8242,132.6,2.280
8243,132.5,2.270
8244,132.4,2.270
8245,132.4,2.270
8246,132.3,2.270
8247,132.2,2.280
8248,132.2,2.280
8249,132.1,2.280
8250,132.0,2.280
8251,132.0,2.280
8252,131.9,2.280
8253,131.8,2.280
8254,131.8,2.270
8255,131.7,2.270
8256,131.6,2.280
8257,131.5,2.280
8258,131.5,2.290
8259,131.4,2.290
8260,131.3,2.280
8261,131.3,2.280
8262,131.2,2.280
8263,131.1,2.270
8264,131.1,2.270
8265,131.0,2.270
8266,130.9,2.270
8267,130.9,2.280
8268,130.8,2.280
8269,130.7,2.290
8270,130.7,2.290
8271,130.6,2.280
8272,130.5,2.280
8273,130.5,2.270
8274,130.4,2.270
8275,130.3,2.270
8276,130.3,2.270
8277,130.2,2.280
8278,130.1,2.280
8279,130.1,2.280
8280,130.0,2.290
8281,129.9,2.280
8282,129.9,2.280
8283,129.8,2.270
8284,129.7,2.270
8285,129.7,2.270
8286,129.6,2.280
8287,129.5,2.280
8288,129.5,2.290
8289,129.4,2.290
8290,129.3,2.280
8291,129.3,2.280
8292,129.2,2.270
8293,129.1,2.270
8294,129.1,2.270
8295,129.0,2.270
8296,128.9,2.270
8297,128.9,2.280
8298,128.8,2.280
8299,128.7,2.290
8300,128.7,2.280
8301,128.6,2.280
8302,128.5,2.280
8303,128.5,2.280
8304,128.4,2.270
8305,128.3,2.270
8306,128.3,2.270
8307,128.2,2.270
8308,128.2,2.280
8309,128.1,2.280
8310,128.0,2.280
8311,128.0,2.280
8312,127.9,2.290
8313,127.8,2.280
8314,127.8,2.280
8315,127.7,2.280
8316,127.6,2.270
8317,127.6,2.270
8318,127.5,2.270
8319,127.5,2.270
8320,127.4,2.280
8321,127.3,2.280
8322,127.3,2.280
8323,127.2,2.280
8324,127.1,2.280
8325,127.1,2.280
8326,127.0,2.280
8327,126.9,2.280
8328,126.9,2.280
8329,126.8,2.270
8330,126.8,2.270
8331,126.7,2.270
8332,126.6,2.270
8333,126.5,2.270
8334,126.5,2.280
8335,126.4,2.280
8336,126.4,2.280
8337,126.3,2.280
8338,126.2,2.280
8339,126.2,2.280
8340,126.1,2.290
8341,126.1,2.280
8342,126.0,2.280
8343,125.9,2.280
8344,125.9,2.280
8345,125.8,2.270
8346,125.7,2.270
8347,125.7,2.280
8348,125.6,2.280
8349,125.5,2.280
8350,125.5,2.270
8351,125.4,2.270
8352,125.4,2.270
8353,125.3,2.280
8354,125.2,2.280
8355,125.2,2.280
8356,125.1,2.270
8357,125.0,2.270
8358,125.0,2.270
8359,124.9,2.280
8360,124.8,2.280
8361,124.8,2.280
8362,124.7,2.280
8363,124.7,2.270
8364,124.6,2.270
8365,124.6,2.280
8366,124.5,2.280
8367,124.4,2.290
8368,124.3,2.280
8369,124.3,2.280
8370,124.2,2.270
8371,124.1,2.270
8372,124.1,2.280
8373,124.0,2.280
8374,123.9,2.280
8375,123.9,2.280
8376,123.8,2.280
8377,123.8,2.270
8378,123.7,2.280
8379,123.7,2.280
8380,123.6,2.280
8381,123.5,2.290
8382,123.5,2.280
8383,123.4,2.280
8384,123.3,2.270
8385,123.3,2.270
8386,123.2,2.280
8387,123.2,2.280
8388,123.1,2.280
8389,123.0,2.270
8390,123.0,2.270
8391,122.9,2.270
8392,122.8,2.280
8393,122.8,2.280
8394,122.7,2.290
8395,122.7,2.280
8396,122.6,2.280
8397,122.6,2.270
8398,122.5,2.270
8399,122.4,2.270
8400,122.3,2.280
8401,122.3,2.280
8402,122.2,2.290
8403,122.2,2.280
8404,122.1,2.280
8405,122.1,2.270
8406,122.0,2.270
8407,121.9,2.270
8408,121.9,2.280
8409,121.8,2.280
8410,121.7,2.280
8411,121.7,2.280
8412,121.6,2.280
8413,121.6,2.270
8414,121.5,2.270
8415,121.4,2.280
8416,121.4,2.280
8417,121.3,2.290
8418,121.3,2.280
8419,121.2,2.270
8420,121.1,2.270
8421,121.1,2.270
8422,121.0,2.280
8423,121.0,2.280
8424,120.9,2.280
8425,120.8,2.280
8426,120.8,2.290
8427,120.7,2.280
8428,120.7,2.280
8429,120.6,2.270
8430,120.5,2.270
8431,120.5,2.280
8432,120.4,2.280
8433,120.4,2.280
8434,120.3,2.280
8435,120.3,2.280
8436,120.2,2.270
8437,120.2,2.270
8438,120.1,2.270
8439,120.0,2.270
8440,120.0,2.280
8441,119.9,2.280
8442,119.9,2.290
8443,119.8,2.280
8444,119.7,2.270
8445,119.7,2.270
8446,119.6,2.270
8447,119.6,2.270
8448,119.5,2.280
8449,119.4,2.280
8450,119.4,2.280
8451,119.3,2.280
8452,119.3,2.280
8453,119.2,2.270
8454,119.2,2.270
8455,119.1,2.270
8456,119.0,2.270
8457,119.0,2.280
8458,118.9,2.280
8459,118.9,2.280
8460,118.8,2.280
8461,118.8,2.280
8462,118.7,2.270
8463,118.6,2.270
8464,118.6,2.270
8465,118.5,2.270
8466,118.5,2.280
8467,118.4,2.280
8468,118.4,2.280
8469,118.3,2.280
8470,118.2,2.280
8471,118.2,2.270
8472,118.1,2.270
8473,118.1,2.270
8474,118.0,2.270
8475,118.0,2.270
8476,117.9,2.280
8477,117.8,2.280
8478,117.8,2.280
8479,117.7,2.280
8480,117.7,2.270
8481,117.6,2.270
8482,117.6,2.270
8483,117.5,2.280
8484,117.5,2.290
8485,117.4,2.280
8486,117.3,2.280
8487,117.3,2.270
8488,117.2,2.270
8489,117.2,2.270
8490,117.1,2.280
8491,117.0,2.280
8492,117.0,2.280
8493,116.9,2.280
8494,116.9,2.270
8495,116.8,2.270
8496,116.8,2.270
8497,116.7,2.280
8498,116.6,2.280
8499,116.6,2.280
8500,116.5,2.280
8501,116.5,2.270
8502,116.4,2.270
8503,116.4,2.270
8504,116.3,2.270
8505,116.3,2.280
8506,116.2,2.280
8507,116.2,2.280
8508,116.1,2.280
8509,116.1,2.270
8510,116.0,2.270
8511,115.9,2.270
8512,115.9,2.280
8513,115.8,2.280
8514,115.8,2.290
8515,115.7,2.280
8516,115.7,2.280
8517,115.6,2.270
8518,115.6,2.270
8519,115.5,2.270
8520,115.5,2.280
8521,115.4,2.280
8522,115.3,2.280
8523,115.3,2.280
8524,115.2,2.280
8525,115.2,2.270
8526,115.1,2.270
8527,115.1,2.270
8528,115.0,2.280
8529,115.0,2.280
8530,114.9,2.280
8531,114.8,2.280
8532,114.8,2.280
8533,114.7,2.280
8534,114.7,2.270
8535,114.6,2.270
8536,114.6,2.270
8537,114.5,2.270
8538,114.5,2.270
8539,114.4,2.280
8540,114.3,2.280
8541,114.3,2.280
8542,114.2,2.280
8543,114.2,2.280
8544,114.1,2.280
8545,114.1,2.280
8546,114.0,2.270
8547,114.0,2.270
8548,113.9,2.270
8549,113.9,2.280
8550,113.8,2.280
8551,113.8,2.280
8552,113.7,2.280
8553,113.7,2.280
8554,113.6,2.280
8555,113.6,2.270
8556,113.5,2.270
8557,113.4,2.270
8558,113.4,2.270
8559,113.3,2.280
8560,113.3,2.280
8561,113.2,2.280
8562,113.2,2.280
8563,113.1,2.280
8564,113.1,2.270
8565,113.0,2.270
8566,113.0,2.270
8567,112.9,2.270
8568,112.9,2.280
8569,112.8,2.280
8570,112.8,2.280
8571,112.7,2.280
8572,112.7,2.280
8573,112.6,2.270
8574,112.6,2.270
8575,112.5,2.270
8576,112.5,2.270
8577,112.4,2.280
8578,112.3,2.280
8579,112.3,2.280
8580,112.2,2.280
8581,112.2,2.280
8582,112.1,2.280
8583,112.1,2.270
8584,112.0,2.270
8585,112.0,2.270
8586,111.9,2.280
8587,111.9,2.280
8588,111.8,2.280
8589,111.7,2.280
8590,111.7,2.280
8591,111.7,2.280
8592,111.6,2.280
8593,111.5,2.270
8594,111.5,2.270
8595,111.4,2.270
8596,111.4,2.270
8597,111.4,2.270
8598,111.3,2.270
8599,111.2,2.280
8600,111.2,2.280
8601,111.1,2.280
8602,111.1,2.280
8603,111.0,2.280
8604,111.0,2.280
8605,110.9,2.280
8606,110.9,2.270
8607,110.8,2.270
8608,110.8,2.270
8609,110.7,2.280
8610,110.6,2.290
8611,110.6,2.280
8612,110.5,2.270
8613,110.5,2.270
8614,110.4,2.270
8615,110.4,2.280
8616,110.3,2.280
8617,110.3,2.280
8618,110.2,2.280
8619,110.2,2.280
8620,110.1,2.270
8621,110.1,2.270
8622,110.0,2.270
8623,110.0,2.280
8624,109.9,2.280
8625,109.9,2.280
8626,109.8,2.280
8627,109.8,2.270
8628,109.7,2.270
8629,109.7,2.270
8630,109.6,2.280
8631,109.6,2.280
8632,109.5,2.290
8633,109.5,2.280
8634,109.4,2.280
8635,109.4,2.280
8636,109.3,2.270
8637,109.3,2.270
8638,109.2,2.270
8639,109.2,2.270
8640,109.1,2.280
8641,109.0,2.280
8642,109.0,2.280
8643,108.9,2.270
